{"autoClear":true,"clearColor":[0,0,0],"ambientColor":[0,0,0],"gravity":[0,-9.81,0],
"materials":[{"name":"cloud.arms","id":"cloud.arms","ambient":[0.8,0.8,0.8],"diffuse":[0.64,0.64,0.64],"specular":[0,0,0],"emissive":[0,0,0],"specularPower":1,"alpha":1,"backFaceCulling":true, "diffuseTexture":{"name":"arms.png","level":1,"hasAlpha":1,"coordinatesMode":0,"uOffset":0,"vOffset":0,"uScale":1,"vScale":1,"uAng":0,"vAng":0,"wAng":0,"wrapU":1,"wrapV":1,"coordinatesIndex":0}},{"name":"cloud.bustersword","id":"cloud.bustersword","ambient":[0.8,0.8,0.8],"diffuse":[0.2479,0.2479,0.2479],"specular":[0.169,0.169,0.169],"emissive":[0,0,0],"specularPower":511,"alpha":1,"backFaceCulling":true, "diffuseTexture":{"name":"buster swords.png","level":1,"hasAlpha":1,"coordinatesMode":0,"uOffset":0,"vOffset":0,"uScale":1,"vScale":1,"uAng":0,"vAng":0,"wAng":0,"wrapU":1,"wrapV":1,"coordinatesIndex":0}},{"name":"cloud.head","id":"cloud.head","ambient":[0.8,0.8,0.8],"diffuse":[0.64,0.64,0.64],"specular":[0,0,0],"emissive":[0,0,0],"specularPower":1,"alpha":1,"backFaceCulling":true, "diffuseTexture":{"name":"cloud head hires.png","level":1,"hasAlpha":1,"coordinatesMode":0,"uOffset":0,"vOffset":0,"uScale":1,"vScale":1,"uAng":0,"vAng":0,"wAng":0,"wrapU":1,"wrapV":1,"coordinatesIndex":0}},{"name":"cloud.armor","id":"cloud.armor","ambient":[0.8,0.8,0.8],"diffuse":[0.64,0.64,0.64],"specular":[0,0,0],"emissive":[0,0,0],"specularPower":1,"alpha":1,"backFaceCulling":true, "diffuseTexture":{"name":"cloud armor hires.png","level":1,"hasAlpha":1,"coordinatesMode":0,"uOffset":0,"vOffset":0,"uScale":1,"vScale":1,"uAng":0,"vAng":0,"wAng":0,"wrapU":1,"wrapV":1,"coordinatesIndex":0}},{"name":"cloud.boots","id":"cloud.boots","ambient":[0.8,0.8,0.8],"diffuse":[0.3177,0.3177,0.3177],"specular":[0.01,0.01,0.01],"emissive":[0,0,0],"specularPower":50,"alpha":1,"backFaceCulling":true, "diffuseTexture":{"name":"cloud boots hires.png","level":1,"hasAlpha":1,"coordinatesMode":0,"uOffset":0,"vOffset":0,"uScale":1,"vScale":1,"uAng":0,"vAng":0,"wAng":0,"wrapU":1,"wrapV":1,"coordinatesIndex":0}},{"name":"cloud.uniform","id":"cloud.uniform","ambient":[0.8,0.8,0.8],"diffuse":[0.8,0.8,0.8],"specular":[0,0,0],"emissive":[0,0,0],"specularPower":24,"alpha":1,"backFaceCulling":true, "diffuseTexture":{"name":"cloud uniform hires.png","level":1,"hasAlpha":1,"coordinatesMode":0,"uOffset":0,"vOffset":0,"uScale":1,"vScale":1,"uAng":0,"vAng":0,"wAng":0,"wrapU":1,"wrapV":1,"coordinatesIndex":0}}],
"multiMaterials":[{"name":"cloud.Multimaterial#0","id":"cloud.Multimaterial#0","materials":["cloud.uniform","cloud.armor","cloud.head","cloud.boots","cloud.arms"]}],
"skeletons":[{"name":"Armature.001","id":0,"bones":[
{"name":"Bone","index":0,"matrix":[1,0,0,0,0,1,0,0,0,0,-1,0,0,0.9946,0,1],"parentBoneIndex":-1},
{"name":"Bone.004","index":1,"matrix":[0.9602,0.1955,0.1995,0,0.1995,-0.9799,0,0,0.1955,0.0398,-0.9799,0,0.0739,0.0652,0,1],"parentBoneIndex":0},
{"name":"Bone.006","index":2,"matrix":[0.9882,0.1149,0.1016,0,-0.1263,0.9855,0.1137,0,-0.087,-0.1252,0.9883,0,0,0.4464,0,1],"parentBoneIndex":1},
{"name":"Bone.008","index":3,"matrix":[0.6731,-0.7379,0.0491,0,0.1916,0.1098,-0.9753,0,0.7143,0.6659,0.2153,0,0,0.4956,0,1],"parentBoneIndex":2},
{"name":"Bone.009","index":4,"matrix":[0.9973,0.0199,0.0704,0,-0.0213,0.9996,0.0193,0,-0.07,-0.0208,0.9973,0,0,0.1554,0,1],"parentBoneIndex":3},
{"name":"Bone.005","index":5,"matrix":[0.9498,-0.2184,-0.2241,0,-0.2241,-0.9746,0,0,-0.2184,0.0502,-0.9746,0,-0.0721,0.0686,0,1],"parentBoneIndex":0},
{"name":"Bone.007","index":6,"matrix":[0.9846,-0.1308,-0.1158,0,0.1434,0.9838,0.1078,0,0.0998,-0.1227,0.9874,0,0,0.4505,0,1],"parentBoneIndex":5},
{"name":"Bone.010","index":7,"matrix":[0.8498,0.5219,-0.0737,0,-0.1687,0.1368,-0.9761,0,-0.4993,0.842,0.2043,0,0,0.4937,0,1],"parentBoneIndex":6},
{"name":"Bone.011","index":8,"matrix":[0.9866,0.0141,0.1628,0,-0.0181,0.9996,0.0227,0,-0.1624,-0.0253,0.9864,0,0,0.1544,0,1],"parentBoneIndex":7},
{"name":"Bone.001","index":9,"matrix":[1,0.0061,-0.0061,0,-0.0061,1,0,0,0.0061,0,1,0,0,0.1432,0,1],"parentBoneIndex":0},
{"name":"Bone.002","index":10,"matrix":[1,-0.0061,0.0061,0,0.0066,0.9954,-0.0959,0,-0.0055,0.0959,0.9954,0,0,0.2761,0,1],"parentBoneIndex":9},
{"name":"Bone.003","index":11,"matrix":[1,0,0,0,0,0.9007,0.4345,0,0,-0.4345,0.9007,0,0,0.0844,0,1],"parentBoneIndex":10},
{"name":"Bone.001_L","index":12,"matrix":[0.2593,0.1925,0.9464,0,0.919,-0.3504,-0.1805,0,0.2969,0.9166,-0.2678,0,0,0.2761,0,1],"parentBoneIndex":9},
{"name":"Bone.001_L.001","index":13,"matrix":[0.9302,-0.249,-0.2698,0,-0.093,0.551,-0.8293,0,0.3552,0.7965,0.4893,0,0,0.1824,0,1],"parentBoneIndex":12},
{"name":"Bone.001_L.002","index":14,"matrix":[0.9975,-0.0039,0.0701,0,0.0066,0.9993,-0.0371,0,-0.0699,0.0375,0.9969,0,0,0.2018,0,1],"parentBoneIndex":13},
{"name":"Bone.001_L.003","index":15,"matrix":[0.9762,0.1067,-0.1886,0,-0.0867,0.99,0.1112,0,0.1986,-0.0922,0.9757,0,0,0.2307,0,1],"parentBoneIndex":14},
{"name":"Bone.001_L.004","index":16,"matrix":[0.9953,-0.0973,0.0014,0,0.0965,0.9848,-0.1445,0,0.0127,0.144,0.9895,0,0.0361,0.0234,0.0135,1],"parentBoneIndex":15},
{"name":"Bone.001_L.008","index":17,"matrix":[0.4745,0.5785,0.6635,0,0.1436,0.6928,-0.7067,0,-0.8685,0.4306,0.2456,0,0,0.0822,0,1],"parentBoneIndex":16},
{"name":"Bone.001_L.009","index":18,"matrix":[-0.1988,0.8105,0.551,0,-0.7555,0.2314,-0.6129,0,-0.6243,-0.5381,0.5663,0,0,0.0548,0,1],"parentBoneIndex":17},
{"name":"Bone.001_L.005","index":19,"matrix":[0.9995,-0.0296,0.0078,0,0.0304,0.9868,-0.1591,0,-0.0029,0.1593,0.9872,0,0.0128,0.0266,0.0092,1],"parentBoneIndex":15},
{"name":"Bone.001_L.010","index":20,"matrix":[0.464,0.6279,0.6249,0,0.1741,0.627,-0.7593,0,-0.8686,0.4611,0.1817,0,0,0.0836,0,1],"parentBoneIndex":19},
{"name":"Bone.001_L.011","index":21,"matrix":[-0.2136,0.7716,0.5992,0,-0.7781,0.2365,-0.5819,0,-0.5907,-0.5905,0.5499,0,0,0.0526,0,1],"parentBoneIndex":20},
{"name":"Bone.001_L.006","index":22,"matrix":[0.9994,-0.0333,0.0104,0,0.0345,0.9869,-0.1579,0,-0.005,0.1582,0.9874,0,-0.0163,0.0258,0.0041,1],"parentBoneIndex":15},
{"name":"Bone.001_L.014","index":23,"matrix":[0.4141,0.7009,0.5807,0,0.1682,0.568,-0.8057,0,-0.8945,0.4313,0.1173,0,0,0.085,0,1],"parentBoneIndex":22},
{"name":"Bone.001_L.015","index":24,"matrix":[0.1007,0.7882,0.6071,0,-0.775,0.4447,-0.4489,0,-0.6239,-0.4253,0.6557,0,0,0.0522,0,1],"parentBoneIndex":23},
{"name":"Bone.001_L.007","index":25,"matrix":[0.9996,0.026,0.0095,0,-0.024,0.9854,-0.1686,0,-0.0138,0.1683,0.9856,0,-0.039,0.0262,0,1],"parentBoneIndex":15},
{"name":"Bone.001_L.012","index":26,"matrix":[0.4366,0.7021,0.5625,0,0.1955,0.5362,-0.8211,0,-0.8781,0.4685,0.0969,0,0,0.0836,0,1],"parentBoneIndex":25},
{"name":"Bone.001_L.013","index":27,"matrix":[0.0778,0.7689,0.6346,0,-0.795,0.4319,-0.4258,0,-0.6015,-0.4714,0.6449,0,0,0.0516,0,1],"parentBoneIndex":26},
{"name":"Bone.001_L.016","index":28,"matrix":[0.8055,-0.0452,0.5909,0,0.5188,0.5356,-0.6663,0,-0.2864,0.8433,0.4548,0,0.062,0.0195,-0.005,1],"parentBoneIndex":15},
{"name":"Bone.001_L.017","index":29,"matrix":[0.7681,0.3646,0.5263,0,-0.4748,0.8759,0.0862,0,-0.4296,-0.3161,0.8459,0,0,0.0397,0,1],"parentBoneIndex":28},
{"name":"Bone.001_R","index":30,"matrix":[0.2849,-0.1779,-0.9419,0,-0.9149,-0.3438,-0.2118,0,-0.2861,0.9221,-0.2606,0,0,0.2761,0,1],"parentBoneIndex":9},
{"name":"Bone.001_R.001","index":31,"matrix":[0.9288,0.2302,0.2905,0,0.1083,0.581,-0.8067,0,-0.3545,0.7807,0.5147,0,0,0.1647,0,1],"parentBoneIndex":30},
{"name":"Bone.001_R.002","index":32,"matrix":[-0.4768,0.5091,-0.7166,0,-0.6667,-0.7407,-0.0826,0,-0.5729,0.4384,0.6926,0,0,0.226,0,1],"parentBoneIndex":31},
{"name":"Bone.001_R.003","index":33,"matrix":[0.8079,-0.0371,-0.5882,0,-0.0432,0.9916,-0.1218,0,0.5877,0.1238,0.7995,0,0,0.2241,0,1],"parentBoneIndex":32},
{"name":"Bone.001_L.018","index":34,"matrix":[0.994,0.0995,-0.0445,0,-0.1056,0.9803,-0.167,0,0.027,0.1707,0.985,0,-0.0342,0.0222,0.0134,1],"parentBoneIndex":33},
{"name":"Bone.001_L.022","index":35,"matrix":[0.7091,-0.6381,-0.3,0,-0.1065,0.3237,-0.9402,0,0.697,0.6986,0.1615,0,0,0.0825,0,1],"parentBoneIndex":34},
{"name":"Bone.001_L.023","index":36,"matrix":[-0.6644,-0.7426,-0.0846,0,0.6606,-0.5305,-0.5312,0,0.3496,-0.4088,0.843,0,0,0.0653,0,1],"parentBoneIndex":35},
{"name":"Bone.001_L.019","index":37,"matrix":[0.999,0.0299,-0.0331,0,-0.0352,0.9839,-0.1752,0,0.0274,0.1762,0.984,0,-0.0111,0.026,0.0103,1],"parentBoneIndex":33},
{"name":"Bone.001_L.024","index":38,"matrix":[0.6215,-0.3358,-0.7079,0,-0.1252,0.8493,-0.5128,0,0.7734,0.4073,0.4858,0,0,0.0835,0,1],"parentBoneIndex":37},
{"name":"Bone.001_L.025","index":39,"matrix":[0.091,0.4168,-0.9044,0,-0.2608,0.8865,0.3823,0,0.9611,0.2011,0.1894,0,0,0.0627,0,1],"parentBoneIndex":38},
{"name":"Bone.001_L.020","index":40,"matrix":[0.9988,0.0339,-0.035,0,-0.0396,0.9836,-0.1759,0,0.0284,0.1771,0.9838,0,0.0184,0.0257,0.0077,1],"parentBoneIndex":33},
{"name":"Bone.001_L.028","index":41,"matrix":[0.6416,-0.7367,-0.2137,0,-0.0977,0.1978,-0.9754,0,0.7608,0.6466,0.055,0,0,0.0849,0,1],"parentBoneIndex":40},
{"name":"Bone.001_L.029","index":42,"matrix":[-0.5564,-0.8031,-0.2134,0,0.7578,-0.385,-0.5268,0,0.3409,-0.4548,0.8228,0,0,0.0619,0,1],"parentBoneIndex":41},
{"name":"Bone.001_L.021","index":43,"matrix":[0.9994,-0.0245,-0.023,0,0.0199,0.9834,-0.1802,0,0.0271,0.1796,0.9834,0,0.0413,0.0265,0.0054,1],"parentBoneIndex":33},
{"name":"Bone.001_L.026","index":44,"matrix":[0.6589,-0.7266,-0.195,0,-0.1066,0.1664,-0.9803,0,0.7447,0.6666,0.0322,0,0,0.0835,0,1],"parentBoneIndex":43},
{"name":"Bone.001_L.027","index":45,"matrix":[-0.549,-0.7893,-0.2749,0,0.7949,-0.3914,-0.4637,0,0.2583,-0.4731,0.8423,0,0,0.0612,0,1],"parentBoneIndex":44},
{"name":"Bone.001_L.030","index":46,"matrix":[0.0059,-0.8372,-0.5468,0,-0.5911,0.4381,-0.6772,0,0.8066,0.3273,-0.4923,0,-0.0585,0.024,-0.0053,1],"parentBoneIndex":33},
{"name":"Bone.001_L.031","index":47,"matrix":[0.988,-0.1537,-0.0122,0,0.0868,0.4893,0.8678,0,-0.1273,-0.8585,0.4968,0,0,0.0447,0,1],"parentBoneIndex":46}]}],
"meshes":[{"name":"buster sword","id":"buster sword","materialId":"cloud.bustersword","billboardMode":0,"position":[-0.2203,1.6141,0.1113],"rotation":[-2.7216,-1.3681,0.1679],"scaling":[-0.0017,-0.0017,-0.0017],"isVisible":true,"isEnabled":true,"useFlatShading":false,"checkCollisions":false,"receiveShadows":false
,"positions":[-10,-51,11,19,-57,6,-10,-57,11,-6,-51,5,-10,-51,-14,-6,-38,5,9,167,-19,13,167,2,-10,167,-14,9,153,-19,7,-87,-79,33,-57,58,7,-57,-79,16,-160,0,16,-147,0,3,-147,2,14,-166,62,18,-166,8,14,-699,62,18,-87,8,14,-87,62,-11,-854,-75,-25,-721,-73,-8,-689,13,-12,-166,-6,-8,-166,13,-14,-160,-17,-25,-166,-73,-10,-160,4,-10,-102,4,-12,-95,-6,-8,-87,13,-14,-102,-17,-14,-115,-17,-25,-87,-73,-14,-147,-17,-10,-147,4,-10,-115,4,-12,-140,-6,-12,-121,-6,-30,-57,-72,-4,-57,65,9,-51,-19,-10,-38,-14,-6,167,5,13,167,2,-6,153,5,-30,-87,-72,-10,153,-14,33,-87,58,12,-147,-22,12,-160,-22,-1,-160,-19.5,13,153,2,9,-38,-19,13,-38,2,13,153,2,13,-38,2,12,-115,-22,14,-121,-11,1,-121,-8.5,16,-115,0,16,-102,0,3,-102,2,13,167,2,13,153,2,14,-95,-11,1,-87,-78,14,-140,-11,1,-166,-78,-12,-87,-75.5,-30,-87,-72,-4,-87,65,-30,-57,-72,-4,-87,65,1,-166.5,-8.5,14,-167,-11,13,-51,2,13,-38,2,-16,-51,-18,18,-690,8,1,-721,-78,13,-51,-25,13,-57,-25,19,-51,6,13,-51,-25,-10,-51,11,-16,-51,-18,-16,-57,-18,12,-102,-22,-1,-115,-19.5,1,-140,-8.5,1,-95,-8.5,-1,-102,-19.5,-12,-721,-75.5,13,-38,2,3,-115,2,-30,-57,-72,-12,-166,-75.5,13,167,2,19,-51,6,-10,-51,11,13,-51,-25,-4,-87,65,-30,-57,-72,-4,-57,65,13,-51,2,13,-51,2,7,-57,-79,13,-38,2,3,-160,2,-1,-147,-19.5,14,-87,62,-8,-87,13,-25,-87,-73,14,-87,62,-12,-87,-75.5,1,-87,-78,7,-87,-79,-30,-87,-72,-12,-87,-75.5,14,-87,62,-25,-87,-73,18,-87,8,14,-87,62,1,-87,-78]
,"normals":[-0.459,0.5791,0.6738,0.8228,0,0.5683,-0.563,0,0.8264,-0.5674,0,0.8234,-0.8509,0,-0.5252,-0.5674,0,0.8234,0.4368,0.5738,-0.6927,0.6688,0.5757,0.4704,-0.6932,0.58,-0.4278,0.5334,0,-0.8459,0.4597,-0.5774,-0.6747,0.6747,0.5773,0.4598,0.4597,0.5774,-0.6747,0.7168,0.2741,-0.641,0.7165,-0.2551,-0.6492,-0.1369,-0.4731,-0.8703,0.1731,0,0.9849,0.9973,0.0052,-0.0726,0.1637,-0.3285,0.9302,0.7363,0.6747,-0.0508,0.1456,0.5409,0.8283,-0.0488,-0.9595,-0.2772,-0.8427,-0.0487,-0.5361,-0.9471,-0.0666,0.3138,-0.8147,0.5597,0.1514,-0.9503,-0.0016,0.3113,-0.7321,0.286,0.6182,-0.8287,0.0005,-0.5597,-0.912,0.2771,-0.3024,-0.9058,-0.2702,-0.3262,-0.8448,-0.5109,0.1592,-0.6933,0.6844,0.2255,-0.7247,-0.2752,0.6316,-0.7393,0.2777,0.6134,-0.677,0.5771,-0.4568,-0.7267,-0.2685,0.6323,-0.9052,-0.2729,-0.3256,-0.9102,0.2837,-0.3017,-0.8393,-0.522,0.1516,-0.822,0.5498,0.1484,-0.6747,0.5773,-0.4598,-0.4597,0.5774,0.6747,0.5334,0,-0.8459,-0.8509,0,-0.5252,-0.4622,0.5801,0.6707,0.6688,0.5757,0.4704,-0.5674,0,0.8234,-0.6747,-0.5773,-0.4598,-0.8509,0,-0.5252,0.6747,-0.5773,0.4598,0.9108,-0.2662,0.3156,0.9135,0.2574,0.3149,0.1687,0.495,0.8523,0.8179,0,0.5753,0.5334,0,-0.8459,0.8179,0,0.5753,0.8179,0,0.5753,0.8179,0,0.5753,0.9154,0.2751,0.2937,0.8174,0.5571,-0.1469,0.0013,1,-0.0075,0.7291,0.2642,-0.6313,0.7158,-0.2626,-0.647,-0.1369,-0.4731,-0.8703,0.6688,0.5757,0.4704,0.8179,0,0.5753,0.824,-0.5433,-0.1606,0.4566,0.5776,-0.6767,0.8346,-0.53,-0.1499,0.5597,-0.0005,-0.8287,-0.1335,0.7071,-0.6944,-0.6747,-0.5773,-0.4598,-0.4597,-0.5774,0.6747,-0.6747,0.5773,-0.4598,-0.4597,-0.5774,0.6747,0.0275,0.9994,-0.021,0.8353,0.5223,-0.1714,0.8179,0,0.5753,0.8179,0,0.5753,-0.6886,0.5791,-0.4365,0.9965,-0.0692,-0.0466,0.5769,-0.0421,-0.8157,0.4425,0.575,-0.6882,0.5408,0,-0.8412,0.6724,0.5763,0.4644,0.4425,0.575,-0.6882,-0.459,0.5791,0.6738,-0.6886,0.5791,-0.4365,-0.8446,0,-0.5354,0.9128,-0.2594,0.3155,0.1621,0.5134,0.8427,0.0015,-0.9999,-0.0081,0.0015,-0.9999,-0.0081,0.1652,-0.4844,0.8591,-0.1888,-0.0025,-0.982,0.8179,0,0.5753,-0.1341,0.5031,-0.8537,-0.6747,0.5773,-0.4598,-0.1888,0,-0.982,0.6688,0.5757,0.4704,0.6724,0.5763,0.4644,-0.459,0.5791,0.6738,0.4425,0.575,-0.6882,-0.4597,-0.5774,0.6747,-0.6747,0.5773,-0.4598,-0.4597,0.5774,0.6747,0.8179,0,0.5753,0.8179,0,0.5753,0.4597,0.5774,-0.6747,0.8179,0,0.5753,-0.1305,0.4913,-0.8611,0.1652,-0.4844,0.8591,0.1456,0.5409,0.8283,-0.6933,0.6844,0.2255,-0.677,0.5771,-0.4568,0.1456,0.5409,0.8283,-0.1335,0.7071,-0.6944,0.4566,0.5776,-0.6767,0.4597,-0.5774,-0.6747,-0.6747,-0.5773,-0.4598,-0.1335,0.7071,-0.6944,0.1456,0.5409,0.8283,-0.677,0.5771,-0.4568,0.7363,0.6747,-0.0508,0.1456,0.5409,0.8283,0.4566,0.5776,-0.6767]
,"uvs":[0.5826,0.8149,0.5697,0.9433,0.5531,0.8425,0.7593,0.1377,0.8307,0.1375,0.7595,0.1854,0.8926,0.9071,0.9423,0.942,0.8262,0.942,0.8959,0.8815,0.5986,0.4074,0.6663,0.1023,0.6643,0.4079,0.2475,0.7738,0.2463,0.7907,0.2253,0.7846,0.3895,0.7684,0.2682,0.7664,0.3904,0.1899,0.266,0.8691,0.3893,0.8711,0.055,0.0559,0.0542,0.1772,0.2625,0.2183,0.2181,0.7664,0.2682,0.7664,0.1912,0.7734,0.0468,0.7664,0.2475,0.7738,0.246,0.8515,0.2177,0.8596,0.266,0.8691,0.1884,0.8508,0.1902,0.8342,0.0458,0.8691,0.1902,0.7903,0.2463,0.7907,0.2454,0.835,0.2183,0.8,0.2188,0.8265,0.9725,0.0216,0.6669,0.0197,0.903,0.1375,0.8307,0.1853,0.7697,0.9037,0.7176,0.942,0.7611,0.8815,0.598,0.49,0.829,0.8815,0.6006,0.1018,0.1902,0.7903,0.1912,0.7734,0.2115,0.7801,0.9775,0.8815,0.9029,0.1855,0.9821,0.1859,0.6956,0.8815,0.689,0.1858,0.1902,0.8342,0.2188,0.8265,0.218,0.839,0.2454,0.835,0.246,0.8515,0.2251,0.8453,0.7176,0.942,0.6956,0.8815,0.2177,0.8596,0.0458,0.8691,0.2183,0.8,0.0468,0.7664,0.0121,0.8691,0.2955,0.0171,0.6011,0.0193,0.6638,0.4904,0.596,0.7956,0.2187,0.7777,0.2181,0.7664,0.6887,0.1381,0.689,0.1858,0.421,0.8143,0.2625,0.2183,0.0542,0.1772,0.4334,0.9755,0.463,0.9486,0.5996,0.9755,0.5428,0.6331,0.4256,0.7566,0.4241,0.6386,0.4498,0.847,0.1884,0.8508,0.2105,0.8408,0.2182,0.7871,0.2176,0.8473,0.2102,0.8451,0.0216,0.1764,0.689,0.1858,0.2248,0.8409,0.6638,0.4904,0.0132,0.7664,0.7176,0.942,0.5428,0.759,0.4256,0.7566,0.5428,0.6331,0.596,0.7956,0.6638,0.4904,0.6618,0.796,0.9823,0.1377,0.9823,0.1377,0.9719,0.1041,0.689,0.1858,0.2256,0.78,0.2112,0.7846,0.5078,0.5214,0.4807,0.3928,0.4849,0.1784,0.5079,0.5241,0.5203,0.1821,0.5526,0.1831,0.295,0.0997,0.2955,0.0171,0.5173,0.1792,0.5078,0.5214,0.4849,0.1784,0.5467,0.3975,0.5079,0.5241,0.5526,0.1831]
,"indices":[0,1,2,3,4,5,6,7,8,6,8,9,10,11,12,13,14,15,16,17,18,19,16,20,16,19,17,21,22,23,24,25,23,26,24,27,25,24,28,29,30,31,32,33,34,30,34,31,30,32,34,35,26,27,25,28,36,37,29,31,24,23,22,25,36,31,31,36,37,36,38,37,37,38,39,38,35,39,39,35,33,33,35,34,40,11,41,4,42,43,44,45,46,10,12,47,9,8,48,49,11,10,50,51,52,53,54,55,56,57,46,58,59,60,9,43,54,9,54,53,61,62,63,23,18,21,16,23,25,16,25,20,20,25,31,18,23,16,46,64,65,19,66,62,19,67,66,19,62,61,19,61,17,61,59,14,59,58,68,68,58,50,58,69,50,69,67,70,71,72,49,47,73,74,48,44,46,75,76,13,77,3,78,0,2,79,5,4,43,21,18,80,81,80,76,82,83,84,85,86,87,82,88,83,7,6,53,89,58,90,91,68,50,69,76,51,67,58,89,67,89,66,69,51,50,67,69,58,52,51,76,30,92,93,22,21,94,53,6,9,48,43,9,48,5,43,34,35,27,72,41,49,49,41,11,46,95,5,46,5,48,14,13,17,14,59,68,62,66,92,39,60,96,47,12,97,79,2,88,79,88,82,43,42,54,98,70,34,94,98,27,8,99,44,8,44,48,22,27,24,80,81,21,80,17,76,17,61,14,13,76,17,76,69,81,60,59,61,63,92,30,84,83,1,100,101,102,84,1,0,90,60,39,96,63,29,92,66,89,93,90,33,103,104,105,42,106,54,54,107,55,108,11,40,18,17,80,109,3,5,14,68,91,110,15,36,111,52,26,24,75,110,38,91,111,26,52,75,15,91,38,81,69,98,112,113,114,115,116,117,21,81,94,110,13,15,111,50,52,90,58,60,96,61,63,98,69,70,118,119,49,110,75,13,93,89,90,111,91,50,75,52,76,32,30,93,63,62,92,37,39,96,27,98,34,22,94,27,96,60,61,29,63,30,33,90,39,37,96,29,93,92,89,32,93,33,15,14,91,28,110,36,35,111,26,28,24,110,35,38,111,24,26,75,36,15,38,94,81,98,120,121,122,123,124,125]
,"subMeshes":[{"materialIndex":0,"verticesStart":0,"verticesCount":126,"indexStart":0,"indexCount":486}]
,"instances":[]}
,{"name":"cloud strife","id":"cloud strife","materialId":"cloud.Multimaterial#0","billboardMode":0,"position":[0,0,0],"rotation":[0,0,0],"scaling":[1,1,1],"isVisible":true,"isEnabled":true,"useFlatShading":false,"checkCollisions":false,"receiveShadows":false,"skeletonId":0
,"positions":[0.0546,1.4437,-0.001,0.0534,1.4506,0.0396,-0.0032,1.4512,0.0396,-0.0298,1.3621,-0.017,-0.0032,1.3603,-0.024,-0.0032,1.3763,-0.0506,-0.0032,1.3648,0.0061,-0.0439,1.3656,0.0078,-0.0439,1.3692,0.0343,-0.0404,1.3798,-0.0329,-0.0404,1.4399,-0.0294,-0.0599,1.4452,0.0043,-0.0032,1.3727,0.0591,0.0392,1.3692,0.0343,-0.0032,1.3648,0.0061,0.0233,1.3621,-0.017,-0.0032,1.3603,-0.024,-0.0032,1.3648,0.0061,0.0392,1.3692,0.0343,0.0392,1.3639,0.0043,-0.0032,1.3648,0.0061,-0.0032,1.3763,-0.0506,-0.0032,1.3603,-0.024,0.0233,1.3621,-0.017,-0.0599,1.4506,0.0396,-0.0599,1.3922,0.0432,-0.0599,1.3851,0.0025,-0.0032,1.4576,0.0768,-0.0032,1.3975,0.0821,-0.0599,1.3922,0.0432,0.0392,1.3639,0.0043,0.0233,1.3621,-0.017,-0.0032,1.3648,0.0061,0.0392,1.3639,0.0043,0.0534,1.3851,-0.001,0.0321,1.3798,-0.0329,0.0392,1.3639,0.0043,0.0392,1.3692,0.0343,0.0534,1.3922,0.0414,0.0534,1.3851,-0.001,0.0534,1.3922,0.0414,0.0534,1.4506,0.0396,-0.0032,1.3975,0.0821,0.0534,1.3922,0.0414,0.0392,1.3692,0.0343,-0.0032,1.4364,-0.0453,0.0321,1.4399,-0.0294,-0.0032,1.4445,0.0016,0.0546,1.4437,-0.001,0.0321,1.4399,-0.0294,0.0321,1.3798,-0.0329,-0.0032,1.4576,0.0768,-0.0599,1.4506,0.0396,-0.0032,1.4512,0.0396,-0.0599,1.4452,0.0043,-0.0404,1.4399,-0.0294,-0.0032,1.4445,0.0016,-0.0032,1.3763,-0.0506,0.0321,1.3798,-0.0329,0.0321,1.4399,-0.0294,0.0534,1.3922,0.0414,-0.0032,1.3975,0.0821,-0.0032,1.4576,0.0768,-0.0599,1.4506,0.0396,-0.0599,1.4452,0.0043,-0.0032,1.4445,0.0016,0.0534,1.4506,0.0396,-0.0032,1.4576,0.0768,-0.0032,1.4512,0.0396,-0.0032,1.3975,0.0821,-0.0032,1.3727,0.0591,-0.0439,1.3692,0.0343,-0.0439,1.3656,0.0078,-0.0599,1.3851,0.0025,-0.0599,1.3922,0.0432,-0.0439,1.3656,0.0078,-0.0032,1.3648,0.0061,-0.0298,1.3621,-0.017,-0.0439,1.3656,0.0078,-0.0298,1.3621,-0.017,-0.0404,1.3798,-0.0329,-0.0032,1.3763,-0.0506,-0.0032,1.4364,-0.0453,-0.0404,1.4399,-0.0294,-0.0404,1.4399,-0.0294,-0.0032,1.4364,-0.0453,-0.0032,1.4445,0.0016,0.0321,1.4399,-0.0294,0.0546,1.4437,-0.001,-0.0032,1.4445,0.0016,-0.0032,1.3727,0.0591,-0.0032,1.3648,0.0061,-0.0439,1.3692,0.0343,-0.0032,1.3648,0.0061,-0.0032,1.3603,-0.024,-0.0298,1.3621,-0.017,0.0806,0.6107,0.1007,0.1067,0.6582,0.0565,0.1311,0.6623,0.0848,0.1653,0.4277,0.1361,0.1762,0.3631,0.0989,0.1492,0.3424,0.0777,0.1389,0.5847,-0.0975,0.1536,0.4974,-0.0462,0.1972,0.5048,-0.0426,0.2146,0.5077,0.0971,0.2588,0.5116,0.0405,0.2758,0.4535,0.0211,0.0806,0.6107,0.1007,0.0765,0.5185,0.1078,0.0583,0.5621,0.0405,0.0806,0.6107,0.1007,0.0583,0.5621,0.0405,0.0945,0.6561,0.0299,0.2641,0.6399,0.0211,0.2455,0.6224,0.1078,0.1835,0.6711,0.06,0.2641,0.6399,0.0211,0.2062,0.675,0.0211,0.2281,0.6194,-0.0621,0.0721,0.6398,-0.0373,0.0583,0.5621,0.0405,0.0427,0.5272,0.0246,0.2788,0.5527,0.0317,0.2588,0.5116,0.0405,0.2146,0.5077,0.0971,0.2588,0.5116,0.0405,0.2788,0.5527,0.0317,0.1972,0.5048,-0.0426,0.1263,0.4785,-0.0019,0.1022,0.4403,0.0529,0.0883,0.4057,0.0635,0.2788,0.5527,0.0317,0.2641,0.6399,0.0211,0.2281,0.6194,-0.0621,0.2788,0.5527,0.0317,0.2281,0.6194,-0.0621,0.1972,0.5048,-0.0426,0.1263,0.4785,-0.0019,0.1322,0.4005,-0.0178,0.1708,0.4483,-0.0585,0.1085,0.6585,-0.0178,0.1561,0.6665,0.025,0.0945,0.6561,0.0299,0.1085,0.6585,-0.0178,0.1311,0.6623,-0.0373,0.1561,0.6665,0.025,0.255,0.3638,0.0547,0.2355,0.4054,0.0405,0.2359,0.3606,-0.0125,0.2758,0.4535,0.0211,0.2264,0.4595,-0.0249,0.2218,0.4336,-0.0143,0.2758,0.4535,0.0211,0.2588,0.5116,0.0405,0.2264,0.4595,-0.0249,0.2056,0.3806,0.0653,0.1762,0.3631,0.0989,0.1653,0.4277,0.1361,0.2056,0.3806,0.0653,0.2355,0.4054,0.0405,0.255,0.3638,0.0547,0.2056,0.3806,0.0653,0.255,0.3638,0.0547,0.2327,0.326,0.0405,0.2056,0.3806,0.0653,0.2327,0.326,0.0405,0.2188,0.3021,0.0777,0.2455,0.6224,0.1078,0.2641,0.6399,0.0211,0.2788,0.5527,0.0317,0.2455,0.6224,0.1078,0.1389,0.5847,0.1626,0.1311,0.6623,0.0848,0.1389,0.5847,0.1626,0.0765,0.5185,0.1078,0.0806,0.6107,0.1007,0.2281,0.6194,-0.0621,0.1748,0.6697,-0.0196,0.1311,0.6623,-0.0373,0.1389,0.5847,0.1626,0.2455,0.6224,0.1078,0.2146,0.5077,0.0971,0.2281,0.6194,-0.0621,0.2062,0.675,0.0211,0.1748,0.6697,-0.0196,0.1322,0.4005,-0.0178,0.1466,0.3366,-0.0037,0.1905,0.353,-0.0497,0.1322,0.4005,-0.0178,0.1291,0.3552,0.0405,0.1466,0.3366,-0.0037,0.1322,0.4005,-0.0178,0.1263,0.4785,-0.0019,0.0883,0.4057,0.0635,0.2188,0.3021,0.0069,0.1812,0.3335,-0.0143,0.1874,0.2968,-0.0143,0.2355,0.4054,0.0405,0.1791,0.3995,-0.032,0.1905,0.353,-0.0497,0.2355,0.4054,0.0405,0.1708,0.4483,-0.0585,0.1791,0.3995,-0.032,0.2355,0.4054,0.0405,0.1905,0.353,-0.0497,0.2359,0.3606,-0.0125,0.2355,0.4054,0.0405,0.2758,0.4535,0.0211,0.2218,0.4336,-0.0143,0.1492,0.3424,0.0777,0.1196,0.454,0.0971,0.1653,0.4277,0.1361,0.1196,0.454,0.0971,0.1536,0.4974,0.1272,0.1653,0.4277,0.1361,0.2363,0.3051,0.0405,0.2327,0.326,0.0405,0.2188,0.3021,0.0069,0.2359,0.3606,-0.0125,0.1812,0.3335,-0.0143,0.2147,0.3265,0.0069,0.1492,0.3424,0.0777,0.1291,0.3552,0.0405,0.0883,0.4057,0.0635,0.1196,0.454,0.0971,0.1492,0.3424,0.0777,0.1022,0.4403,0.0529,0.1196,0.454,0.0971,0.1022,0.4403,0.0529,0.0765,0.5185,0.1078,0.0765,0.5185,0.1078,0.1536,0.4974,0.1272,0.1196,0.454,0.0971,0.2359,0.3606,-0.0125,0.1905,0.353,-0.0497,0.1812,0.3335,-0.0143,0.0765,0.5185,0.1078,0.0427,0.5272,0.0246,0.0583,0.5621,0.0405,0.1492,0.3424,0.0777,0.1762,0.3631,0.0989,0.1821,0.3282,0.1095,0.0765,0.5185,0.1078,0.1389,0.5847,0.1626,0.1536,0.4974,0.1272,0.1022,0.4403,0.0529,0.0427,0.5272,0.0246,0.0765,0.5185,0.1078,0.1821,0.3282,0.1095,0.1762,0.3631,0.0989,0.2056,0.3806,0.0653,0.1821,0.3282,0.1095,0.1874,0.2968,0.0989,0.1578,0.2918,0.0777,0.1821,0.3282,0.1095,0.2056,0.3806,0.0653,0.2188,0.3021,0.0777,0.1653,0.4277,0.1361,0.1536,0.4974,0.1272,0.2146,0.5077,0.0971,0.1653,0.4277,0.1361,0.2146,0.5077,0.0971,0.2056,0.3806,0.0653,0.0427,0.5272,0.0246,0.0874,0.5814,-0.0585,0.0721,0.6398,-0.0373,0.1578,0.2918,0.0777,0.1492,0.3424,0.0777,0.1821,0.3282,0.1095,0.1578,0.2918,0.0777,0.1291,0.3552,0.0405,0.1492,0.3424,0.0777,0.1905,0.353,-0.0497,0.1791,0.3995,-0.032,0.1322,0.4005,-0.0178,0.1466,0.3366,-0.0037,0.1291,0.3552,0.0405,0.1519,0.3267,0.0069,0.1812,0.3335,-0.0143,0.1466,0.3366,-0.0037,0.1519,0.3267,0.0069,0.1972,0.5048,-0.0426,0.1536,0.4974,-0.0462,0.1708,0.4483,-0.0585,0.1972,0.5048,-0.0426,0.1708,0.4483,-0.0585,0.2264,0.4595,-0.0249,0.2264,0.4595,-0.0249,0.2588,0.5116,0.0405,0.1972,0.5048,-0.0426,0.1708,0.4483,-0.0585,0.2218,0.4336,-0.0143,0.2264,0.4595,-0.0249,0.1708,0.4483,-0.0585,0.1536,0.4974,-0.0462,0.1263,0.4785,-0.0019,0.1536,0.4974,-0.0462,0.1389,0.5847,-0.0975,0.0874,0.5814,-0.0585,0.0874,0.5814,-0.0585,0.1022,0.4403,0.0529,0.1263,0.4785,-0.0019,0.0874,0.5814,-0.0585,0.0427,0.5272,0.0246,0.1022,0.4403,0.0529,0.0874,0.5814,-0.0585,0.1085,0.6585,-0.0178,0.0721,0.6398,-0.0373,0.0874,0.5814,-0.0585,0.1263,0.4785,-0.0019,0.1536,0.4974,-0.0462,0.1972,0.5048,-0.0426,0.2281,0.6194,-0.0621,0.1389,0.5847,-0.0975,0.1812,0.3335,-0.0143,0.1905,0.353,-0.0497,0.1466,0.3366,-0.0037,0.1578,0.2918,0.0069,0.1291,0.3552,0.0405,0.1403,0.2889,0.0405,0.1874,0.2968,-0.0143,0.1812,0.3335,-0.0143,0.1578,0.2918,0.0069,0.1578,0.2918,0.0069,0.1812,0.3335,-0.0143,0.1519,0.3267,0.0069,0.1389,0.5847,-0.0975,0.1311,0.6623,-0.0373,0.0874,0.5814,-0.0585,0.0874,0.5814,-0.0585,0.1311,0.6623,-0.0373,0.1085,0.6585,-0.0178,0.1791,0.3995,-0.032,0.1708,0.4483,-0.0585,0.1322,0.4005,-0.0178,0.2147,0.3265,0.0069,0.2327,0.326,0.0405,0.2359,0.3606,-0.0125,0.2218,0.4336,-0.0143,0.1708,0.4483,-0.0585,0.2355,0.4054,0.0405,0.2147,0.3265,0.0069,0.1812,0.3335,-0.0143,0.2188,0.3021,0.0069,0.1519,0.3267,0.0069,0.1291,0.3552,0.0405,0.1578,0.2918,0.0069,0.1403,0.2889,0.0405,0.1291,0.3552,0.0405,0.1578,0.2918,0.0777,0.2146,0.5077,0.0971,0.2355,0.4054,0.0405,0.2056,0.3806,0.0653,0.2188,0.3021,0.0777,0.2327,0.326,0.0405,0.2363,0.3051,0.0405,0.2327,0.326,0.0405,0.2147,0.3265,0.0069,0.2188,0.3021,0.0069,0.0883,0.4057,0.0635,0.1022,0.4403,0.0529,0.1492,0.3424,0.0777,0.2146,0.5077,0.0971,0.2758,0.4535,0.0211,0.2355,0.4054,0.0405,0.2146,0.5077,0.0971,0.1536,0.4974,0.1272,0.1389,0.5847,0.1626,0.2327,0.326,0.0405,0.255,0.3638,0.0547,0.2359,0.3606,-0.0125,0.0883,0.4057,0.0635,0.1291,0.3552,0.0405,0.1322,0.4005,-0.0178,0.2146,0.5077,0.0971,0.2455,0.6224,0.1078,0.2788,0.5527,0.0317,0.2188,0.3021,0.0777,0.1874,0.2968,0.0989,0.1821,0.3282,0.1095,0.0945,0.6561,0.0299,0.1067,0.6582,0.0565,0.0806,0.6107,0.1007,0.1311,0.6623,0.0848,0.1835,0.6711,0.06,0.2455,0.6224,0.1078,0.1835,0.6711,0.06,0.2062,0.675,0.0211,0.2641,0.6399,0.0211,0.2062,0.675,0.0211,0.1835,0.6711,0.06,0.1561,0.6665,0.025,0.1085,0.6585,-0.0178,0.0945,0.6561,0.0299,0.0721,0.6398,-0.0373,0.0945,0.6561,0.0299,0.0583,0.5621,0.0405,0.0721,0.6398,-0.0373,0.0945,0.6561,0.0299,0.1561,0.6665,0.025,0.1067,0.6582,0.0565,0.1311,0.6623,-0.0373,0.1389,0.5847,-0.0975,0.2281,0.6194,-0.0621,0.1311,0.6623,0.0848,0.1389,0.5847,0.1626,0.0806,0.6107,0.1007,0.1748,0.6697,-0.0196,0.2062,0.675,0.0211,0.1561,0.6665,0.025,0.1835,0.6711,0.06,0.1311,0.6623,0.0848,0.1561,0.6665,0.025,0.1561,0.6665,0.025,0.1311,0.6623,0.0848,0.1067,0.6582,0.0565,0.1311,0.6623,-0.0373,0.1748,0.6697,-0.0196,0.1561,0.6665,0.025,0.0997,0.5502,0.0112,0.132,0.558,-0.0285,0.0938,0.5706,-0.0685,0.1689,0.9126,0.0744,0.2053,0.9213,0.0101,0.2509,0.7595,0.0281,0.1229,0.7814,0.1605,0.1668,0.812,0.0966,0.2399,0.7131,0.0929,0.0718,0.9947,0.1003,0.06,1.0501,0.0526,0.0979,1.0684,0.0398,0.0468,0.8013,0.0592,0.0378,0.8519,0.0752,0.0256,0.8017,0.0921,0.0128,0.7386,0.0028,-0.0027,0.8713,0.0033,0.0468,0.8013,0.0592,-0.0027,0.8713,0.0033,0.0378,0.8519,0.0752,0.0468,0.8013,0.0592,0.1313,0.6579,-0.1304,0.1078,0.776,-0.1126,0.0584,0.7677,-0.0451,0.1945,0.7804,-0.0691,0.2602,0.7308,0.0104,0.2327,0.7278,0.0396,-0.001,0.9772,0.0041,0.013,1.0552,0.0052,0.0275,1.0514,0.0357,0.1725,0.5677,0.1074,0.1287,0.5572,0.0758,0.0724,0.6346,0.1154,0.0724,0.6346,0.1154,0.1514,0.6664,0.1924,0.1725,0.5677,0.1074,-0.001,0.9772,0.0041,0.0294,1.0519,-0.0262,0.013,1.0552,0.0052,0.132,0.558,-0.0285,0.1577,0.5387,-0.0048,0.1821,0.5445,-0.0146,0.1577,0.5387,-0.0048,0.132,0.558,-0.0285,0.0997,0.5502,0.0112,0.0949,0.8948,0.1286,0.1689,0.9126,0.0744,0.1668,0.812,0.0966,0.0949,0.8948,0.1286,0.0788,0.9601,0.1392,0.1689,0.9126,0.0744,0.1078,0.776,-0.1126,0.0846,0.8923,-0.0947,0.0273,0.8458,-0.0597,0.1078,0.776,-0.1126,0.0273,0.8458,-0.0597,0.0584,0.7677,-0.0451,0.0846,0.8923,-0.0947,0.0653,0.9932,-0.0804,0.0262,0.9838,-0.0392,0.1723,0.6041,-0.0977,0.1818,0.5536,-0.073,0.2419,0.6627,-0.042,0.1723,0.6041,-0.0977,0.2419,0.6627,-0.042,0.2306,0.7182,-0.0472,0.15,0.626,-0.077,0.1313,0.6579,-0.1304,0.0802,0.6547,-0.0489,0.0802,0.6547,-0.0489,0.0938,0.5706,-0.0685,0.15,0.626,-0.077,0.2076,0.5507,0.0481,0.2235,0.58,0.0701,0.2442,0.585,0.0159,0.1559,0.5383,0.0518,0.1398,0.5344,0.0158,0.0997,0.5502,0.0112,0.1315,1.0091,0.0616,0.1624,1.0165,0.0095,0.2053,0.9213,0.0101,0.1229,0.7814,0.1605,0.0949,0.8948,0.1286,0.1668,0.812,0.0966,0.2399,0.7131,0.0929,0.1668,0.812,0.0966,0.2327,0.7278,0.0396,0.2327,0.7278,0.0396,0.2602,0.7308,0.0104,0.2553,0.6768,0.0559,0.1414,1.0115,-0.0372,0.0653,0.9932,-0.0804,0.0846,0.8923,-0.0947,0.0275,1.0514,0.0357,0.06,1.0501,0.0526,0.0718,0.9947,0.1003,0.1818,0.5536,-0.073,0.0938,0.5706,-0.0685,0.132,0.558,-0.0285,0.2244,0.5802,-0.0131,0.2419,0.6627,-0.042,0.1818,0.5536,-0.073,0.1818,0.5536,-0.073,0.1806,0.5551,-0.0465,0.2244,0.5802,-0.0131,0.0576,1.0514,-0.0501,0.0294,1.0519,-0.0262,0.0262,0.9838,-0.0392,0.0718,0.9947,0.1003,0.0979,1.0684,0.0398,0.1315,1.0091,0.0616,0.1315,1.0091,0.0616,0.0979,1.0684,0.0398,0.1162,1.08,0.0086,0.2189,0.5534,0.0184,0.2073,0.5506,0.0039,0.1821,0.5445,-0.0146,0.1398,0.5344,0.0158,0.1559,0.5383,0.0518,0.2076,0.5507,0.0481,0.0275,1.0514,0.0357,0.0215,0.9826,0.058,-0.001,0.9772,0.0041,0.0576,1.0514,-0.0501,0.0653,0.9932,-0.0804,0.1414,1.0115,-0.0372,0.1162,1.08,0.0086,0.1624,1.0165,0.0095,0.1315,1.0091,0.0616,0.2244,0.5802,-0.0131,0.1806,0.5551,-0.0465,0.1821,0.5445,-0.0146,0.2442,0.585,0.0159,0.2235,0.58,0.0701,0.2553,0.6768,0.0559,0.2419,0.6627,-0.042,0.279,0.6679,0.0105,0.2602,0.7308,0.0104,0.2442,0.585,0.0159,0.2244,0.5802,-0.0131,0.1821,0.5445,-0.0146,0.2076,0.5507,0.0481,0.1794,0.5439,0.0702,0.1725,0.5677,0.1074,0.2442,0.585,0.0159,0.2073,0.5506,0.0039,0.2189,0.5534,0.0184,0.2419,0.6627,-0.042,0.2244,0.5802,-0.0131,0.279,0.6679,0.0105,0.013,1.0552,0.0052,0.1068,1.0705,-0.0237,0.1162,1.08,0.0086,0.0275,1.0514,0.0357,0.013,1.0552,0.0052,0.0979,1.0684,0.0398,0.0979,1.0684,0.0398,0.06,1.0501,0.0526,0.0275,1.0514,0.0357,0.0979,1.0684,0.0398,0.013,1.0552,0.0052,0.1162,1.08,0.0086,0.2053,0.9213,0.0101,0.1624,1.0165,0.0095,0.1414,1.0115,-0.0372,0.1776,0.9147,-0.0403,0.0846,0.8923,-0.0947,0.1078,0.776,-0.1126,0.1668,0.812,0.0966,0.2509,0.7595,0.0281,0.2327,0.7278,0.0396,0.1514,0.6664,0.1924,0.0724,0.6346,0.1154,0.0509,0.7568,0.0944,0.2306,0.7182,-0.0472,0.1313,0.6579,-0.1304,0.15,0.626,-0.077,0.2509,0.7595,0.0281,0.2053,0.9213,0.0101,0.1776,0.9147,-0.0403,0.279,0.6679,0.0105,0.2244,0.5802,-0.0131,0.2442,0.585,0.0159,0.1078,0.776,-0.1126,0.1313,0.6579,-0.1304,0.2306,0.7182,-0.0472,0.0263,0.6071,0.0022,0.0307,0.7174,0.0032,0.0509,0.7568,0.0944,0.1624,1.0165,0.0095,0.1162,1.08,0.0086,0.1414,1.0115,-0.0372,0.0788,0.9601,0.1392,0.0718,0.9947,0.1003,0.1315,1.0091,0.0616,0.0788,0.9601,0.1392,0.1315,1.0091,0.0616,0.1689,0.9126,0.0744,0.1514,0.6664,0.1924,0.1229,0.7814,0.1605,0.2399,0.7131,0.0929,0.2553,0.6768,0.0559,0.2399,0.7131,0.0929,0.2327,0.7278,0.0396,0.0509,0.7568,0.0944,0.0128,0.7386,0.0028,0.0468,0.8013,0.0592,0.0256,0.8017,0.0921,0.0378,0.8519,0.0752,0.1229,0.7814,0.1605,0.0378,0.8519,0.0752,0.0949,0.8948,0.1286,0.1229,0.7814,0.1605,0.0584,0.7677,-0.0451,0.0273,0.8458,-0.0597,-0.0027,0.8713,0.0033,0.0584,0.7677,-0.0451,0.0128,0.7386,0.0028,0.0307,0.7174,0.0032,0.0307,0.7174,0.0032,0.0128,0.7386,0.0028,0.0509,0.7568,0.0944,0.0584,0.7677,-0.0451,-0.0027,0.8713,0.0033,0.0128,0.7386,0.0028,0.0468,0.8013,0.0592,0.0256,0.8017,0.0921,0.0509,0.7568,0.0944,0.0509,0.7568,0.0944,0.0256,0.8017,0.0921,0.1229,0.7814,0.1605,0.0378,0.8519,0.0752,0.0788,0.9601,0.1392,0.0949,0.8948,0.1286,-0.0027,0.8713,0.0033,-0.001,0.9772,0.0041,0.0215,0.9826,0.058,0.0262,0.9838,-0.0392,-0.001,0.9772,0.0041,-0.0027,0.8713,0.0033,0.2553,0.6768,0.0559,0.2602,0.7308,0.0104,0.279,0.6679,0.0105,0.1945,0.7804,-0.0691,0.2327,0.7278,0.0396,0.2509,0.7595,0.0281,0.1945,0.7804,-0.0691,0.2306,0.7182,-0.0472,0.2602,0.7308,0.0104,0.0215,0.9826,0.058,0.0275,1.0514,0.0357,0.0718,0.9947,0.1003,0.1414,1.0115,-0.0372,0.1068,1.0705,-0.0237,0.0576,1.0514,-0.0501,0.1559,0.5383,0.0518,0.1794,0.5439,0.0702,0.2076,0.5507,0.0481,0.1287,0.5572,0.0758,0.0997,0.5502,0.0112,0.0263,0.6071,0.0022,0.2379,0.6745,0.1031,0.2235,0.58,0.0701,0.1725,0.5677,0.1074,0.2553,0.6768,0.0559,0.279,0.6679,0.0105,0.2442,0.585,0.0159,0.0938,0.5706,-0.0685,0.1818,0.5536,-0.073,0.1723,0.6041,-0.0977,0.2306,0.7182,-0.0472,0.15,0.626,-0.077,0.1723,0.6041,-0.0977,0.2306,0.7182,-0.0472,0.2419,0.6627,-0.042,0.2602,0.7308,0.0104,0.2553,0.6768,0.0559,0.2235,0.58,0.0701,0.2379,0.6745,0.1031,0.2379,0.6745,0.1031,0.1514,0.6664,0.1924,0.2399,0.7131,0.0929,0.2553,0.6768,0.0559,0.2379,0.6745,0.1031,0.2399,0.7131,0.0929,0.0938,0.5706,-0.0685,0.1723,0.6041,-0.0977,0.15,0.626,-0.077,0.0263,0.6071,0.0022,0.0938,0.5706,-0.0685,0.0802,0.6547,-0.0489,0.0378,0.8519,0.0752,0.0215,0.9826,0.058,0.0788,0.9601,0.1392,0.0215,0.9826,0.058,0.0718,0.9947,0.1003,0.0788,0.9601,0.1392,0.0215,0.9826,0.058,0.0378,0.8519,0.0752,-0.0027,0.8713,0.0033,-0.0027,0.8713,0.0033,0.0273,0.8458,-0.0597,0.0262,0.9838,-0.0392,0.0262,0.9838,-0.0392,0.0273,0.8458,-0.0597,0.0846,0.8923,-0.0947,0.0262,0.9838,-0.0392,0.0653,0.9932,-0.0804,0.0576,1.0514,-0.0501,0.0263,0.6071,0.0022,0.0724,0.6346,0.1154,0.1287,0.5572,0.0758,0.1725,0.5677,0.1074,0.1514,0.6664,0.1924,0.2379,0.6745,0.1031,0.0938,0.5706,-0.0685,0.0263,0.6071,0.0022,0.0997,0.5502,0.0112,0.0262,0.9838,-0.0392,0.0294,1.0519,-0.0262,-0.001,0.9772,0.0041,0.1414,1.0115,-0.0372,0.1162,1.08,0.0086,0.1068,1.0705,-0.0237,0.1398,0.5344,0.0158,0.2189,0.5534,0.0184,0.1577,0.5387,-0.0048,0.132,0.558,-0.0285,0.1806,0.5551,-0.0465,0.1818,0.5536,-0.073,0.0294,1.0519,-0.0262,0.0576,1.0514,-0.0501,0.1068,1.0705,-0.0237,0.0294,1.0519,-0.0262,0.1068,1.0705,-0.0237,0.013,1.0552,0.0052,0.0584,0.7677,-0.0451,0.0307,0.7174,0.0032,0.0263,0.6071,0.0022,0.1559,0.5383,0.0518,0.1287,0.5572,0.0758,0.1725,0.5677,0.1074,-0.0863,0.6227,0.1007,-0.1368,0.6743,0.0848,-0.1124,0.6702,0.0565,-0.171,0.4396,0.1361,-0.1548,0.3544,0.0777,-0.1819,0.3751,0.0989,-0.1445,0.5967,-0.0975,-0.2028,0.5168,-0.0426,-0.1592,0.5094,-0.0462,-0.2203,0.5197,0.0971,-0.2814,0.4655,0.0211,-0.2645,0.5236,0.0405,-0.0863,0.6227,0.1007,-0.064,0.5741,0.0405,-0.0821,0.5305,0.1078,-0.0863,0.6227,0.1007,-0.1001,0.6681,0.0299,-0.064,0.5741,0.0405,-0.2697,0.6519,0.0211,-0.1891,0.6831,0.06,-0.2512,0.6344,0.1078,-0.2697,0.6519,0.0211,-0.2337,0.6314,-0.0621,-0.2118,0.6869,0.0211,-0.0778,0.6518,-0.0373,-0.0483,0.5392,0.0246,-0.064,0.5741,0.0405,-0.2844,0.5646,0.0317,-0.2203,0.5197,0.0971,-0.2645,0.5236,0.0405,-0.2645,0.5236,0.0405,-0.2028,0.5168,-0.0426,-0.2844,0.5646,0.0317,-0.1319,0.4905,-0.0019,-0.0939,0.4177,0.0635,-0.1078,0.4523,0.0529,-0.2844,0.5646,0.0317,-0.2337,0.6314,-0.0621,-0.2697,0.6519,0.0211,-0.2844,0.5646,0.0317,-0.2028,0.5168,-0.0426,-0.2337,0.6314,-0.0621,-0.1319,0.4905,-0.0019,-0.1765,0.4603,-0.0585,-0.1379,0.4125,-0.0178,-0.1141,0.6705,-0.0178,-0.1001,0.6681,0.0299,-0.1617,0.6785,0.025,-0.1141,0.6705,-0.0178,-0.1617,0.6785,0.025,-0.1368,0.6743,-0.0373,-0.2607,0.3758,0.0547,-0.2415,0.3726,-0.0125,-0.2411,0.4174,0.0405,-0.2814,0.4655,0.0211,-0.2274,0.4456,-0.0143,-0.232,0.4715,-0.0249,-0.2814,0.4655,0.0211,-0.232,0.4715,-0.0249,-0.2645,0.5236,0.0405,-0.2112,0.3926,0.0653,-0.171,0.4396,0.1361,-0.1819,0.3751,0.0989,-0.2112,0.3926,0.0653,-0.2607,0.3758,0.0547,-0.2411,0.4174,0.0405,-0.2112,0.3926,0.0653,-0.2384,0.338,0.0405,-0.2607,0.3758,0.0547,-0.2112,0.3926,0.0653,-0.2244,0.3141,0.0777,-0.2384,0.338,0.0405,-0.2512,0.6344,0.1078,-0.2844,0.5646,0.0317,-0.2697,0.6519,0.0211,-0.2512,0.6344,0.1078,-0.1368,0.6743,0.0848,-0.1445,0.5967,0.1626,-0.1445,0.5967,0.1626,-0.0863,0.6227,0.1007,-0.0821,0.5305,0.1078,-0.2337,0.6314,-0.0621,-0.1368,0.6743,-0.0373,-0.1804,0.6816,-0.0196,-0.1445,0.5967,0.1626,-0.2203,0.5197,0.0971,-0.2512,0.6344,0.1078,-0.2337,0.6314,-0.0621,-0.1804,0.6816,-0.0196,-0.2118,0.6869,0.0211,-0.1379,0.4125,-0.0178,-0.1961,0.365,-0.0497,-0.1522,0.3486,-0.0037,-0.1379,0.4125,-0.0178,-0.1522,0.3486,-0.0037,-0.1348,0.3672,0.0405,-0.1379,0.4125,-0.0178,-0.0939,0.4177,0.0635,-0.1319,0.4905,-0.0019,-0.2244,0.3141,0.0069,-0.193,0.3088,-0.0143,-0.1869,0.3454,-0.0143,-0.2411,0.4174,0.0405,-0.1961,0.365,-0.0497,-0.1847,0.4115,-0.032,-0.2411,0.4174,0.0405,-0.1847,0.4115,-0.032,-0.1765,0.4603,-0.0585,-0.2411,0.4174,0.0405,-0.2415,0.3726,-0.0125,-0.1961,0.365,-0.0497,-0.2411,0.4174,0.0405,-0.2274,0.4456,-0.0143,-0.2814,0.4655,0.0211,-0.1548,0.3544,0.0777,-0.171,0.4396,0.1361,-0.1253,0.466,0.0971,-0.1253,0.466,0.0971,-0.171,0.4396,0.1361,-0.1592,0.5094,0.1272,-0.2419,0.3171,0.0405,-0.2244,0.3141,0.0069,-0.2384,0.338,0.0405,-0.2415,0.3726,-0.0125,-0.2203,0.3385,0.0069,-0.1869,0.3454,-0.0143,-0.1548,0.3544,0.0777,-0.0939,0.4177,0.0635,-0.1348,0.3672,0.0405,-0.1253,0.466,0.0971,-0.1078,0.4523,0.0529,-0.1548,0.3544,0.0777,-0.1253,0.466,0.0971,-0.0821,0.5305,0.1078,-0.1078,0.4523,0.0529,-0.0821,0.5305,0.1078,-0.1253,0.466,0.0971,-0.1592,0.5094,0.1272,-0.2415,0.3726,-0.0125,-0.1869,0.3454,-0.0143,-0.1961,0.365,-0.0497,-0.0821,0.5305,0.1078,-0.064,0.5741,0.0405,-0.0483,0.5392,0.0246,-0.1548,0.3544,0.0777,-0.1877,0.3402,0.1095,-0.1819,0.3751,0.0989,-0.0821,0.5305,0.1078,-0.1592,0.5094,0.1272,-0.1445,0.5967,0.1626,-0.1078,0.4523,0.0529,-0.0821,0.5305,0.1078,-0.0483,0.5392,0.0246,-0.1877,0.3402,0.1095,-0.2112,0.3926,0.0653,-0.1819,0.3751,0.0989,-0.1877,0.3402,0.1095,-0.1634,0.3038,0.0777,-0.193,0.3088,0.0989,-0.1877,0.3402,0.1095,-0.2244,0.3141,0.0777,-0.2112,0.3926,0.0653,-0.171,0.4396,0.1361,-0.2203,0.5197,0.0971,-0.1592,0.5094,0.1272,-0.171,0.4396,0.1361,-0.2112,0.3926,0.0653,-0.2203,0.5197,0.0971,-0.0483,0.5392,0.0246,-0.0778,0.6518,-0.0373,-0.093,0.5934,-0.0585,-0.1634,0.3038,0.0777,-0.1877,0.3402,0.1095,-0.1548,0.3544,0.0777,-0.1634,0.3038,0.0777,-0.1548,0.3544,0.0777,-0.1348,0.3672,0.0405,-0.1961,0.365,-0.0497,-0.1379,0.4125,-0.0178,-0.1847,0.4115,-0.032,-0.1522,0.3486,-0.0037,-0.1575,0.3387,0.0069,-0.1348,0.3672,0.0405,-0.1869,0.3454,-0.0143,-0.1575,0.3387,0.0069,-0.1522,0.3486,-0.0037,-0.2028,0.5168,-0.0426,-0.1765,0.4603,-0.0585,-0.1592,0.5094,-0.0462,-0.2028,0.5168,-0.0426,-0.232,0.4715,-0.0249,-0.1765,0.4603,-0.0585,-0.232,0.4715,-0.0249,-0.2028,0.5168,-0.0426,-0.2645,0.5236,0.0405,-0.1765,0.4603,-0.0585,-0.232,0.4715,-0.0249,-0.2274,0.4456,-0.0143,-0.1765,0.4603,-0.0585,-0.1319,0.4905,-0.0019,-0.1592,0.5094,-0.0462,-0.1592,0.5094,-0.0462,-0.093,0.5934,-0.0585,-0.1445,0.5967,-0.0975,-0.093,0.5934,-0.0585,-0.1319,0.4905,-0.0019,-0.1078,0.4523,0.0529,-0.093,0.5934,-0.0585,-0.1078,0.4523,0.0529,-0.0483,0.5392,0.0246,-0.093,0.5934,-0.0585,-0.0778,0.6518,-0.0373,-0.1141,0.6705,-0.0178,-0.093,0.5934,-0.0585,-0.1592,0.5094,-0.0462,-0.1319,0.4905,-0.0019,-0.2028,0.5168,-0.0426,-0.1445,0.5967,-0.0975,-0.2337,0.6314,-0.0621,-0.1869,0.3454,-0.0143,-0.1522,0.3486,-0.0037,-0.1961,0.365,-0.0497,-0.1634,0.3038,0.0069,-0.1459,0.3009,0.0405,-0.1348,0.3672,0.0405,-0.193,0.3088,-0.0143,-0.1634,0.3038,0.0069,-0.1869,0.3454,-0.0143,-0.1634,0.3038,0.0069,-0.1575,0.3387,0.0069,-0.1869,0.3454,-0.0143,-0.1445,0.5967,-0.0975,-0.093,0.5934,-0.0585,-0.1368,0.6743,-0.0373,-0.093,0.5934,-0.0585,-0.1141,0.6705,-0.0178,-0.1368,0.6743,-0.0373,-0.1847,0.4115,-0.032,-0.1379,0.4125,-0.0178,-0.1765,0.4603,-0.0585,-0.2203,0.3385,0.0069,-0.2415,0.3726,-0.0125,-0.2384,0.338,0.0405,-0.2274,0.4456,-0.0143,-0.2411,0.4174,0.0405,-0.1765,0.4603,-0.0585,-0.2203,0.3385,0.0069,-0.2244,0.3141,0.0069,-0.1869,0.3454,-0.0143,-0.1575,0.3387,0.0069,-0.1634,0.3038,0.0069,-0.1348,0.3672,0.0405,-0.1459,0.3009,0.0405,-0.1634,0.3038,0.0777,-0.1348,0.3672,0.0405,-0.2203,0.5197,0.0971,-0.2112,0.3926,0.0653,-0.2411,0.4174,0.0405,-0.2244,0.3141,0.0777,-0.2419,0.3171,0.0405,-0.2384,0.338,0.0405,-0.2384,0.338,0.0405,-0.2244,0.3141,0.0069,-0.2