{"autoClear":true,"clearColor":[0.0000,0.0000,0.0000],"ambientColor":[0.0000,0.0000,0.0000],"gravity":[0.0000,-9.8100,0.0000],"cameras":[{"name":"Camera","id":"Camera","position":[7.4811,5.3437,-6.5076],"rotation":[0.4615,-0.8149,0.0108],"fov":0.8576,"minZ":0.1000,"maxZ":100.0000,"speed":1.0000,"inertia":0.9000,"checkCollisions":false,"applyGravity":false,"ellipsoid":[0.2000,0.9000,0.2000]}],"activeCamera":"Camera","lights":[{"name":"Lamp","id":"Lamp","type":0.0000,"position":[4.0762,5.9039,1.0055],"intensity":1.0000,"diffuse":[1.0000,1.0000,1.0000],"specular":[1.0000,1.0000,1.0000]}],"materials":[{"name":"cube.Material","id":"cube.Material","ambient":[0.8000,0.8000,0.8000],"diffuse":[0.6400,0.6400,0.6400],"specular":[0.5000,0.5000,0.5000],"specularPower":50.0000,"emissive":[0.0000,0.0000,0.0000],"alpha":1.0000,"backFaceCulling":true}],"meshes":[{"name":"Cube","id":"Cube","parentId":"Armature","materialId":"cube.Material","position":[0.3317,0.3557,-0.0964],"rotation":[-0.0000,-0.0000,0.0000],"scaling":[0.2100,0.3000,0.2200],"isVisible":true,"isEnabled":true,"useFlatShading":false,"checkCollisions":false,"billboardMode":0,"receiveShadows":false,"skeletonId":0,"positions":[0.8781,1.5029,-4.1841,-1.1212,1.5194,-4.1356,-1.1212,0.1889,-3.2941,-1.0676,2.0827,-2.4794,-1.0676,2.0827,-2.4794,-1.0676,0.7522,-1.6379,0.9316,0.7357,-1.6864,0.9316,2.0662,-2.5279,0.8781,1.5029,-4.1841,0.9316,2.0662,-2.5279,-1.0676,2.0827,-2.4794,-1.1212,1.5194,-4.1356,-1.1212,1.5194,-4.1356,-1.0676,2.0827,-2.4794,-1.0676,0.7522,-1.6379,0.9316,0.7357,-1.6864,0.8781,0.1724,-3.3426,-1.1212,0.1889,-3.2941,-1.0676,2.0827,-2.4794,-1.0486,1.6106,-2.0638,-1.0498,0.6602,-0.9451,0.9316,2.0662,-2.5279,0.9316,2.0662,-2.5279,-1.0676,2.0827,-2.4794,-1.0676,0.7522,-1.6379,-1.0676,0.7522,-1.6379,0.9316,0.7357,-1.6864,0.9316,0.7357,-1.6864,0.9316,0.7357,-1.6864,0.9316,2.0662,-2.5279,-1.0486,1.6106,-2.0638,-1.0031,1.6841,-1.0100,-1.0027,1.5024,0.8480,0.9316,2.0662,-2.5279,0.9352,1.9785,-2.4473,-1.0486,1.6106,-2.0638,0.9316,0.7357,-1.6864,-1.0676,0.7522,-1.6379,-1.0498,0.6602,-0.9451,0.9316,2.0662,-2.5279,0.9316,0.7357,-1.6864,0.9342,0.7231,-1.5846,-0.9988,2.6022,-0.9267,-2.9058,2.5767,-1.0000,-2.9058,1.5406,-1.0000,0.9352,1.9785,-2.4473,0.9801,2.4165,-1.1046,-1.0031,1.6841,-1.0100,0.9342,0.7231,-1.5846,-1.0498,0.6602,-0.9451,-1.0027,1.5024,0.8480,0.9352,1.9785,-2.4473,0.9342,0.7231,-1.5846,0.9799,1.2537,-0.1251,1.0095,2.1031,1.0014,-0.9990,2.5297,1.0026,-0.9988,2.6022,-0.9267,-1.0031,1.6841,-1.0100,0.9801,2.4165,-1.1046,1.0095,2.7831,-0.4071,0.9799,1.2537,-0.1251,-1.0027,1.5024,0.8480,-0.9990,2.5297,1.0026,0.9801,2.4165,-1.1046,0.9799,1.2537,-0.1251,1.0095,2.1031,1.0014,-2.9058,2.5767,-1.0000,-4.4435,2.5767,-1.0000,-4.4435,1.5406,-1.0000,-1.0027,1.5024,0.8480,-2.9058,1.5406,1.0000,-2.9058,2.5767,1.0000,-0.9990,2.5297,1.0026,-2.9058,2.5767,1.0000,-2.9058,2.5767,-1.0000,-1.0031,1.6841,-1.0100,-2.9058,1.5406,-1.0000,-2.9058,1.5406,1.0000,-4.4435,1.5406,-1.0000,-4.4435,2.5767,-1.0000,-4.4435,2.5767,1.0000,-2.9058,1.5406,1.0000,-4.4435,1.5406,1.0000,-4.4435,2.5767,1.0000,-2.9058,2.5767,1.0000,-4.4435,2.5767,1.0000,-4.4435,2.5767,-1.0000,-2.9058,1.5406,1.0000,-2.9058,0.3958,1.0000,-4.4435,0.3958,1.0000,-2.9058,0.3958,1.0000,-2.9058,0.3958,1.0000,-4.4435,0.3958,1.0000,-4.4435,1.5406,-1.0000,-4.4435,0.3958,-1.0000,-2.9058,0.3958,-1.0000,-4.4435,1.5406,-1.0000,-4.4435,1.5406,1.0000,-4.4435,0.3958,1.0000,-2.9058,1.5406,-1.0000,-2.9058,0.3958,-1.0000,-2.9058,0.3958,1.0000,-2.9058,0.3958,1.0000,-2.9058,-0.7713,1.0000,-4.4435,-0.7713,1.0000,-4.4435,0.3958,-1.0000,-4.4435,0.3958,-1.0000,-2.9058,0.3958,-1.0000,-4.4435,0.3958,1.0000,-4.4435,0.3958,1.0000,-4.4435,0.3958,-1.0000,-2.9058,0.3958,-1.0000,-2.9058,0.3958,-1.0000,-2.9058,0.3958,1.0000,-2.9058,-0.7713,-1.0000,-4.4435,-0.7713,-1.0000,-4.4435,-0.7713,1.0000,-4.4435,0.3958,-1.0000,-4.4435,-0.7713,-1.0000,-2.9058,-0.7713,-1.0000,-4.4435,0.3958,1.0000,-4.4435,-0.7713,1.0000,-4.4435,-0.7713,-1.0000,-2.9058,0.3958,-1.0000,-2.9058,-0.7713,-1.0000,-2.9058,-0.7713,1.0000,0.8781,0.1724,-3.3426,0.8781,1.5029,-4.1841,-1.1212,0.1889,-3.2941,-1.0676,0.7522,-1.6379,-1.0676,2.0827,-2.4794,-1.0676,0.7522,-1.6379,0.8781,0.1724,-3.3426,0.9316,0.7357,-1.6864,0.8781,1.5029,-4.1841,0.8781,1.5029,-4.1841,0.9316,2.0662,-2.5279,-1.1212,1.5194,-4.1356,-1.1212,0.1889,-3.2941,-1.1212,1.5194,-4.1356,-1.0676,0.7522,-1.6379,-1.0676,0.7522,-1.6379,0.9316,0.7357,-1.6864,-1.1212,0.1889,-3.2941,-1.0676,0.7522,-1.6379,-1.0676,2.0827,-2.4794,-1.0498,0.6602,-0.9451,-1.0676,2.0827,-2.4794,0.9316,2.0662,-2.5279,-1.0676,2.0827,-2.4794,0.9316,0.7357,-1.6864,-1.0676,0.7522,-1.6379,0.9316,0.7357,-1.6864,0.9316,2.0662,-2.5279,0.9316,0.7357,-1.6864,0.9316,2.0662,-2.5279,-1.0498,0.6602,-0.9451,-1.0486,1.6106,-2.0638,-1.0027,1.5024,0.8480,-1.0676,2.0827,-2.4794,0.9316,2.0662,-2.5279,-1.0486,1.6106,-2.0638,0.9342,0.7231,-1.5846,0.9316,0.7357,-1.6864,-1.0498,0.6602,-0.9451,0.9352,1.9785,-2.4473,0.9316,2.0662,-2.5279,0.9342,0.7231,-1.5846,-1.0031,1.6841,-1.0100,-0.9988,2.6022,-0.9267,-2.9058,1.5406,-1.0000,-1.0486,1.6106,-2.0638,0.9352,1.9785,-2.4473,-1.0031,1.6841,-1.0100,0.9799,1.2537,-0.1251,0.9342,0.7231,-1.5846,-1.0027,1.5024,0.8480,0.9801,2.4165,-1.1046,0.9352,1.9785,-2.4473,0.9799,1.2537,-0.1251,1.0095,2.7831,-0.4071,1.0095,2.1031,1.0014,-0.9988,2.6022,-0.9267,-0.9988,2.6022,-0.9267,-1.0031,1.6841,-1.0100,1.0095,2.7831,-0.4071,1.0095,2.1031,1.0014,0.9799,1.2537,-0.1251,-0.9990,2.5297,1.0026,1.0095,2.7831,-0.4071,0.9801,2.4165,-1.1046,1.0095,2.1031,1.0014,-2.9058,1.5406,-1.0000,-2.9058,2.5767,-1.0000,-4.4435,1.5406,-1.0000,-0.9990,2.5297,1.0026,-1.0027,1.5024,0.8480,-2.9058,2.5767,1.0000,-0.9988,2.6022,-0.9267,-0.9990,2.5297,1.0026,-2.9058,2.5767,-1.0000,-1.0027,1.5024,0.8480,-1.0031,1.6841,-1.0100,-2.9058,1.5406,1.0000,-4.4435,1.5406,1.0000,-4.4435,1.5406,-1.0000,-4.4435,2.5767,1.0000,-2.9058,2.5767,1.0000,-2.9058,1.5406,1.0000,-4.4435,2.5767,1.0000,-2.9058,2.5767,-1.0000,-2.9058,2.5767,1.0000,-4.4435,2.5767,-1.0000,-4.4435,1.5406,1.0000,-2.9058,1.5406,1.0000,-4.4435,0.3958,1.0000,-4.4435,0.3958,1.0000,-2.9058,0.3958,1.0000,-4.4435,0.3958,1.0000,-2.9058,1.5406,-1.0000,-4.4435,1.5406,-1.0000,-2.9058,0.3958,-1.0000,-4.4435,0.3958,-1.0000,-4.4435,1.5406,-1.0000,-4.4435,0.3958,1.0000,-2.9058,1.5406,1.0000,-2.9058,1.5406,-1.0000,-2.9058,0.3958,1.0000,-4.4435,0.3958,1.0000,-2.9058,0.3958,1.0000,-4.4435,-0.7713,1.0000,-2.9058,0.3958,-1.0000,-4.4435,0.3958,-1.0000,-2.9058,0.3958,-1.0000,-4.4435,0.3958,-1.0000,-4.4435,0.3958,1.0000,-4.4435,0.3958,-1.0000,-2.9058,0.3958,1.0000,-2.9058,0.3958,-1.0000,-2.9058,0.3958,1.0000,-2.9058,-0.7713,1.0000,-2.9058,-0.7713,-1.0000,-4.4435,-0.7713,1.0000,-2.9058,0.3958,-1.0000,-4.4435,0.3958,-1.0000,-2.9058,-0.7713,-1.0000,-4.4435,0.3958,-1.0000,-4.4435,0.3958,1.0000,-4.4435,-0.7713,-1.0000,-2.9058,0.3958,1.0000,-2.9058,0.3958,-1.0000,-2.9058,-0.7713,1.0000]
,"normals":[0.5494,0.2686,-0.7912,-0.5820,0.2806,-0.7632,-0.6072,-0.7531,-0.2533,-0.7505,0.6326,-0.1909,-0.0765,0.6601,0.7472,-0.8321,-0.5520,-0.0519,0.6461,-0.7287,0.2270,0.7581,0.6095,-0.2318,0.5494,0.2686,-0.7912,0.7581,0.6095,-0.2318,-0.7505,0.6326,-0.1909,-0.5820,0.2806,-0.7632,-0.5820,0.2806,-0.7632,-0.7505,0.6326,-0.1909,-0.6484,-0.7141,0.2639,0.6461,-0.7287,0.2270,0.5739,-0.7682,-0.2835,-0.6072,-0.7531,-0.2533,-0.0765,0.6601,0.7472,0.4847,0.8032,0.3462,-0.6184,-0.7664,0.1738,0.7581,0.6095,-0.2318,0.1319,0.6698,0.7307,-0.0765,0.6601,0.7472,-0.6484,-0.7141,0.2639,-0.8321,-0.5520,-0.0519,0.8105,-0.5782,-0.0935,0.6461,-0.7287,0.2270,0.8105,-0.5782,-0.0935,0.1319,0.6698,0.7307,0.4847,0.8032,0.3462,-0.6881,0.2713,-0.6729,0.0706,-0.6673,0.7414,0.1319,0.6698,0.7307,0.8605,0.4994,0.1001,0.4847,0.8032,0.3462,0.8105,-0.5782,-0.0935,-0.8321,-0.5520,-0.0519,-0.6184,-0.7664,0.1738,0.1319,0.6698,0.7307,0.8105,-0.5782,-0.0935,0.6675,-0.7430,0.0477,0.1055,0.7387,-0.6657,0.0154,0.7045,-0.7095,0.3330,-0.2959,-0.8953,0.8605,0.4994,0.1001,0.6010,0.7272,-0.3316,-0.6881,0.2713,-0.6729,0.6675,-0.7430,0.0477,-0.6184,-0.7664,0.1738,0.0706,-0.6673,0.7414,0.8605,0.4994,0.1001,0.6675,-0.7430,0.0477,0.6917,-0.6286,0.3554,0.5164,0.0692,0.8535,0.1746,0.6120,0.7713,0.1055,0.7387,-0.6657,-0.6881,0.2713,-0.6729,0.6010,0.7272,-0.3316,0.5556,0.8300,-0.0479,0.6917,-0.6286,0.3554,0.0706,-0.6673,0.7414,0.1746,0.6120,0.7713,0.6010,0.7272,-0.3316,0.6917,-0.6286,0.3554,0.5164,0.0692,0.8535,0.0154,0.7045,-0.7095,-0.5773,0.5773,-0.5773,-0.7071,0.0000,-0.7071,0.0706,-0.6673,0.7414,0.3343,-0.2872,0.8976,0.0275,0.7017,0.7120,0.1746,0.6120,0.7713,0.0275,0.7017,0.7120,0.0154,0.7045,-0.7095,-0.6881,0.2713,-0.6729,0.3330,-0.2959,-0.8953,0.3343,-0.2872,0.8976,-0.7071,0.0000,-0.7071,-0.5773,0.5773,-0.5773,-0.5773,0.5773,0.5773,0.3343,-0.2872,0.8976,-0.7071,0.0000,0.7071,-0.5773,0.5773,0.5773,0.0275,0.7017,0.7120,-0.5773,0.5773,0.5773,-0.5773,0.5773,-0.5773,0.3343,-0.2872,0.8976,0.7071,0.0000,0.7071,-0.7071,0.0000,0.7071,0.7071,0.0000,0.7071,0.7071,0.0000,0.7071,-0.7071,0.0000,0.7071,-0.7071,0.0000,-0.7071,-0.7071,0.0000,-0.7071,0.7071,0.0000,-0.7071,-0.7071,0.0000,-0.7071,-0.7071,0.0000,0.7071,-0.7071,0.0000,0.7071,0.3330,-0.2959,-0.8953,0.7071,0.0000,-0.7071,0.7071,0.0000,0.7071,0.7071,0.0000,0.7071,0.5773,-0.5773,0.5773,-0.5773,-0.5773,0.5773,-0.7071,0.0000,-0.7071,-0.7071,0.0000,-0.7071,0.7071,0.0000,-0.7071,-0.7071,0.0000,0.7071,-0.7071,0.0000,0.7071,-0.7071,0.0000,-0.7071,0.7071,0.0000,-0.7071,0.7071,0.0000,-0.7071,0.7071,0.0000,0.7071,0.5773,-0.5773,-0.5773,-0.5773,-0.5773,-0.5773,-0.5773,-0.5773,0.5773,-0.7071,0.0000,-0.7071,-0.5773,-0.5773,-0.5773,0.5773,-0.5773,-0.5773,-0.7071,0.0000,0.7071,-0.5773,-0.5773,0.5773,-0.5773,-0.5773,-0.5773,0.7071,0.0000,-0.7071,0.5773,-0.5773,-0.5773,0.5773,-0.5773,0.5773,0.5739,-0.7682,-0.2835,0.5494,0.2686,-0.7912,-0.6072,-0.7531,-0.2533,-0.6484,-0.7141,0.2639,-0.7505,0.6326,-0.1909,-0.8321,-0.5520,-0.0519,0.5739,-0.7682,-0.2835,0.6461,-0.7287,0.2270,0.5494,0.2686,-0.7912,0.5494,0.2686,-0.7912,0.7581,0.6095,-0.2318,-0.5820,0.2806,-0.7632,-0.6072,-0.7531,-0.2533,-0.5820,0.2806,-0.7632,-0.6484,-0.7141,0.2639,-0.6484,-0.7141,0.2639,0.6461,-0.7287,0.2270,-0.6072,-0.7531,-0.2533,-0.8321,-0.5520,-0.0519,-0.0765,0.6601,0.7472,-0.6184,-0.7664,0.1738,-0.7505,0.6326,-0.1909,0.7581,0.6095,-0.2318,-0.0765,0.6601,0.7472,0.6461,-0.7287,0.2270,-0.6484,-0.7141,0.2639,0.8105,-0.5782,-0.0935,0.7581,0.6095,-0.2318,0.6461,-0.7287,0.2270,0.1319,0.6698,0.7307,-0.6184,-0.7664,0.1738,0.4847,0.8032,0.3462,0.0706,-0.6673,0.7414,-0.0765,0.6601,0.7472,0.1319,0.6698,0.7307,0.4847,0.8032,0.3462,0.6675,-0.7430,0.0477,0.8105,-0.5782,-0.0935,-0.6184,-0.7664,0.1738,0.8605,0.4994,0.1001,0.1319,0.6698,0.7307,0.6675,-0.7430,0.0477,-0.6881,0.2713,-0.6729,0.1055,0.7387,-0.6657,0.3330,-0.2959,-0.8953,0.4847,0.8032,0.3462,0.8605,0.4994,0.1001,-0.6881,0.2713,-0.6729,0.6917,-0.6286,0.3554,0.6675,-0.7430,0.0477,0.0706,-0.6673,0.7414,0.6010,0.7272,-0.3316,0.8605,0.4994,0.1001,0.6917,-0.6286,0.3554,0.5556,0.8300,-0.0479,0.5164,0.0692,0.8535,0.1055,0.7387,-0.6657,0.1055,0.7387,-0.6657,-0.6881,0.2713,-0.6729,0.5556,0.8300,-0.0479,0.5164,0.0692,0.8535,0.6917,-0.6286,0.3554,0.1746,0.6120,0.7713,0.5556,0.8300,-0.0479,0.6010,0.7272,-0.3316,0.5164,0.0692,0.8535,0.3330,-0.2959,-0.8953,0.0154,0.7045,-0.7095,-0.7071,0.0000,-0.7071,0.1746,0.6120,0.7713,0.0706,-0.6673,0.7414,0.0275,0.7017,0.7120,0.1055,0.7387,-0.6657,0.1746,0.6120,0.7713,0.0154,0.7045,-0.7095,0.0706,-0.6673,0.7414,-0.6881,0.2713,-0.6729,0.3343,-0.2872,0.8976,-0.7071,0.0000,0.7071,-0.7071,0.0000,-0.7071,-0.5773,0.5773,0.5773,0.0275,0.7017,0.7120,0.3343,-0.2872,0.8976,-0.5773,0.5773,0.5773,0.0154,0.7045,-0.7095,0.0275,0.7017,0.7120,-0.5773,0.5773,-0.5773,-0.7071,0.0000,0.7071,0.3343,-0.2872,0.8976,-0.7071,0.0000,0.7071,-0.7071,0.0000,0.7071,0.7071,0.0000,0.7071,-0.7071,0.0000,0.7071,0.3330,-0.2959,-0.8953,-0.7071,0.0000,-0.7071,0.7071,0.0000,-0.7071,-0.7071,0.0000,-0.7071,-0.7071,0.0000,-0.7071,-0.7071,0.0000,0.7071,0.3343,-0.2872,0.8976,0.3330,-0.2959,-0.8953,0.7071,0.0000,0.7071,-0.7071,0.0000,0.7071,0.7071,0.0000,0.7071,-0.5773,-0.5773,0.5773,0.7071,0.0000,-0.7071,-0.7071,0.0000,-0.7071,0.7071,0.0000,-0.7071,-0.7071,0.0000,-0.7071,-0.7071,0.0000,0.7071,-0.7071,0.0000,-0.7071,0.7071,0.0000,0.7071,0.7071,0.0000,-0.7071,0.7071,0.0000,0.7071,0.5773,-0.5773,0.5773,0.5773,-0.5773,-0.5773,-0.5773,-0.5773,0.5773,0.7071,0.0000,-0.7071,-0.7071,0.0000,-0.7071,0.5773,-0.5773,-0.5773,-0.7071,0.0000,-0.7071,-0.7071,0.0000,0.7071,-0.5773,-0.5773,-0.5773,0.7071,0.0000,0.7071,0.7071,0.0000,-0.7071,0.5773,-0.5773,0.5773]
,"matricesWeights":[1.0000,0.0000,0.0000,0.0000,1.0000,0.0000,0.0000,0.0000,1.0000,0.0000,0.0000,0.0000,1.0000,0.0000,0.0000,0.0000,1.0000,0.0000,0.0000,0.0000,1.0000,0.0000,0.0000,0.0000,1.0000,0.0000,0.0000,0.0000,1.0000,0.0000,0.0000,0.0000,1.0000,0.0000,0.0000,0.0000,1.0000,0.0000,0.0000,0.0000,1.0000,0.0000,0.0000,0.0000,1.0000,0.0000,0.0000,0.0000,1.0000,0.0000,0.0000,0.0000,1.0000,0.0000,0.0000,0.0000,1.0000,0.0000,0.0000,0.0000,1.0000,0.0000,0.0000,0.0000,1.0000,0.0000,0.0000,0.0000,1.0000,0.0000,0.0000,0.0000,1.0000,0.0000,0.0000,0.0000,0.2788,0.7137,0.0000,0.0000,0.2583,0.7251,0.0000,0.0000,1.0000,0.0000,0.0000,0.0000,1.0000,0.0000,0.0000,0.0000,1.0000,0.0000,0.0000,0.0000,1.0000,0.0000,0.0000,0.0000,1.0000,0.0000,0.0000,0.0000,1.0000,0.0000,0.0000,0.0000,1.0000,0.0000,0.0000,0.0000,1.0000,0.0000,0.0000,0.0000,1.0000,0.0000,0.0000,0.0000,0.2788,0.7137,0.0000,0.0000,0.8423,0.1377,0.0000,0.0000,0.0562,0.8202,0.1236,0.0000,1.0000,0.0000,0.0000,0.0000,0.0527,0.9462,0.0000,0.0000,0.2788,0.7137,0.0000,0.0000,1.0000,0.0000,0.0000,0.0000,1.0000,0.0000,0.0000,0.0000,0.2583,0.7251,0.0000,0.0000,1.0000,0.0000,0.0000,0.0000,1.0000,0.0000,0.0000,0.0000,0.0376,0.9543,0.0000,0.0000,0.9299,0.0599,0.0000,0.0000,0.0799,0.9136,0.0000,0.0000,0.1965,0.7920,0.0000,0.0000,0.0527,0.9462,0.0000,0.0000,0.1278,0.8704,0.0000,0.0000,0.8423,0.1377,0.0000,0.0000,0.0376,0.9543,0.0000,0.0000,0.2583,0.7251,0.0000,0.0000,0.0562,0.8202,0.1236,0.0000,0.0527,0.9462,0.0000,0.0000,0.0376,0.9543,0.0000,0.0000,0.1194,0.8765,0.0000,0.0000,0.4879,0.5104,0.0000,0.0000,0.9336,0.0508,0.0000,0.0000,0.9299,0.0599,0.0000,0.0000,0.8423,0.1377,0.0000,0.0000,0.1278,0.8704,0.0000,0.0000,0.4889,0.5101,0.0000,0.0000,0.1194,0.8765,0.0000,0.0000,0.0562,0.8202,0.1236,0.0000,0.9336,0.0508,0.0000,0.0000,0.1278,0.8704,0.0000,0.0000,0.1194,0.8765,0.0000,0.0000,0.4879,0.5104,0.0000,0.0000,0.0799,0.9136,0.0000,0.0000,0.4949,0.5042,0.0000,0.0000,0.8486,0.1500,0.0000,0.0000,0.0562,0.8202,0.1236,0.0000,0.8012,0.1889,0.0000,0.0000,0.1316,0.8631,0.0000,0.0000,0.9336,0.0508,0.0000,0.0000,0.1316,0.8631,0.0000,0.0000,0.0799,0.9136,0.0000,0.0000,0.8423,0.1377,0.0000,0.0000,0.1965,0.7920,0.0000,0.0000,0.8012,0.1889,0.0000,0.0000,0.8486,0.1500,0.0000,0.0000,0.4949,0.5042,0.0000,0.0000,0.5073,0.4919,0.0000,0.0000,0.8012,0.1889,0.0000,0.0000,0.9155,0.0834,0.0000,0.0000,0.5073,0.4919,0.0000,0.0000,0.1316,0.8631,0.0000,0.0000,0.5073,0.4919,0.0000,0.0000,0.4949,0.5042,0.0000,0.0000,0.8012,0.1889,0.0000,0.0000,0.9441,0.0536,0.0000,0.0000,0.9733,0.0024,0.0000,0.0000,0.9441,0.0536,0.0000,0.0000,1.0000,0.0000,0.0000,0.0000,1.0000,0.0000,0.0000,0.0000,0.8486,0.1500,0.0000,0.0000,0.9491,0.0503,0.0000,0.0000,0.8118,0.1854,0.0000,0.0000,0.8486,0.1500,0.0000,0.0000,0.9155,0.0834,0.0000,0.0000,0.9733,0.0024,0.0000,0.0000,0.1965,0.7920,0.0000,0.0000,0.8118,0.1854,0.0000,0.0000,0.9441,0.0536,0.0000,0.0000,1.0000,0.0000,0.0000,0.0000,1.0000,0.0000,0.0000,0.0000,1.0000,0.0000,0.0000,0.0000,0.9491,0.0503,0.0000,0.0000,1.0000,0.0000,0.0000,0.0000,1.0000,0.0000,0.0000,0.0000,0.9733,0.0024,0.0000,0.0000,1.0000,0.0000,0.0000,0.0000,1.0000,0.0000,0.0000,0.0000,0.8118,0.1854,0.0000,0.0000,1.0000,0.0000,0.0000,0.0000,1.0000,0.0000,0.0000,0.0000,1.0000,0.0000,0.0000,0.0000,1.0000,0.0000,0.0000,0.0000,1.0000,0.0000,0.0000,0.0000,1.0000,0.0000,0.0000,0.0000,1.0000,0.0000,0.0000,0.0000,1.0000,0.0000,0.0000,0.0000,1.0000,0.0000,0.0000,0.0000,1.0000,0.0000,0.0000,0.0000,1.0000,0.0000,0.0000,0.0000,1.0000,0.0000,0.0000,0.0000,1.0000,0.0000,0.0000,0.0000,1.0000,0.0000,0.0000,0.0000,1.0000,0.0000,0.0000,0.0000,1.0000,0.0000,0.0000,0.0000,1.0000,0.0000,0.0000,0.0000,1.0000,0.0000,0.0000,0.0000,1.0000,0.0000,0.0000,0.0000,1.0000,0.0000,0.0000,0.0000,1.0000,0.0000,0.0000,0.0000,1.0000,0.0000,0.0000,0.0000,1.0000,0.0000,0.0000,0.0000,1.0000,0.0000,0.0000,0.0000,1.0000,0.0000,0.0000,0.0000,1.0000,0.0000,0.0000,0.0000,1.0000,0.0000,0.0000,0.0000,1.0000,0.0000,0.0000,0.0000,1.0000,0.0000,0.0000,0.0000,1.0000,0.0000,0.0000,0.0000,1.0000,0.0000,0.0000,0.0000,1.0000,0.0000,0.0000,0.0000,1.0000,0.0000,0.0000,0.0000,1.0000,0.0000,0.0000,0.0000,0.2583,0.7251,0.0000,0.0000,1.0000,0.0000,0.0000,0.0000,1.0000,0.0000,0.0000,0.0000,1.0000,0.0000,0.0000,0.0000,1.0000,0.0000,0.0000,0.0000,1.0000,0.0000,0.0000,0.0000,1.0000,0.0000,0.0000,0.0000,1.0000,0.0000,0.0000,0.0000,1.0000,0.0000,0.0000,0.0000,1.0000,0.0000,0.0000,0.0000,0.2583,0.7251,0.0000,0.0000,0.2788,0.7137,0.0000,0.0000,0.0562,0.8202,0.1236,0.0000,1.0000,0.0000,0.0000,0.0000,1.0000,0.0000,0.0000,0.0000,0.2788,0.7137,0.0000,0.0000,0.0376,0.9543,0.0000,0.0000,1.0000,0.0000,0.0000,0.0000,0.2583,0.7251,0.0000,0.0000,0.0527,0.9462,0.0000,0.0000,1.0000,0.0000,0.0000,0.0000,0.0376,0.9543,0.0000,0.0000,0.8423,0.1377,0.0000,0.0000,0.9299,0.0599,0.0000,0.0000,0.1965,0.7920,0.0000,0.0000,0.2788,0.7137,0.0000,0.0000,0.0527,0.9462,0.0000,0.0000,0.8423,0.1377,0.0000,0.0000,0.1194,0.8765,0.0000,0.0000,0.0376,0.9543,0.0000,0.0000,0.0562,0.8202,0.1236,0.0000,0.1278,0.8704,0.0000,0.0000,0.0527,0.9462,0.0000,0.0000,0.1194,0.8765,0.0000,0.0000,0.4889,0.5101,0.0000,0.0000,0.4879,0.5104,0.0000,0.0000,0.9299,0.0599,0.0000,0.0000,0.9299,0.0599,0.0000,0.0000,0.8423,0.1377,0.0000,0.0000,0.4889,0.5101,0.0000,0.0000,0.4879,0.5104,0.0000,0.0000,0.1194,0.8765,0.0000,0.0000,0.9336,0.0508,0.0000,0.0000,0.4889,0.5101,0.0000,0.0000,0.1278,0.8704,0.0000,0.0000,0.4879,0.5104,0.0000,0.0000,0.1965,0.7920,0.0000,0.0000,0.0799,0.9136,0.0000,0.0000,0.8486,0.1500,0.0000,0.0000,0.9336,0.0508,0.0000,0.0000,0.0562,0.8202,0.1236,0.0000,0.1316,0.8631,0.0000,0.0000,0.9299,0.0599,0.0000,0.0000,0.9336,0.0508,0.0000,0.0000,0.0799,0.9136,0.0000,0.0000,0.0562,0.8202,0.1236,0.0000,0.8423,0.1377,0.0000,0.0000,0.8012,0.1889,0.0000,0.0000,0.9155,0.0834,0.0000,0.0000,0.8486,0.1500,0.0000,0.0000,0.5073,0.4919,0.0000,0.0000,0.1316,0.8631,0.0000,0.0000,0.8012,0.1889,0.0000,0.0000,0.5073,0.4919,0.0000,0.0000,0.0799,0.9136,0.0000,0.0000,0.1316,0.8631,0.0000,0.0000,0.4949,0.5042,0.0000,0.0000,0.9155,0.0834,0.0000,0.0000,0.8012,0.1889,0.0000,0.0000,0.9733,0.0024,0.0000,0.0000,0.9733,0.0024,0.0000,0.0000,0.9441,0.0536,0.0000,0.0000,1.0000,0.0000,0.0000,0.0000,0.1965,0.7920,0.0000,0.0000,0.8486,0.1500,0.0000,0.0000,0.8118,0.1854,0.0000,0.0000,0.9491,0.0503,0.0000,0.0000,0.8486,0.1500,0.0000,0.0000,0.9733,0.0024,0.0000,0.0000,0.8012,0.1889,0.0000,0.0000,0.1965,0.7920,0.0000,0.0000,0.9441,0.0536,0.0000,0.0000,1.0000,0.0000,0.0000,0.0000,1.0000,0.0000,0.0000,0.0000,1.0000,0.0000,0.0000,0.0000,0.8118,0.1854,0.0000,0.0000,0.9491,0.0503,0.0000,0.0000,1.0000,0.0000,0.0000,0.0000,0.9491,0.0503,0.0000,0.0000,0.9733,0.0024,0.0000,0.0000,1.0000,0.0000,0.0000,0.0000,0.9441,0.0536,0.0000,0.0000,0.8118,0.1854,0.0000,0.0000,1.0000,0.0000,0.0000,0.0000,1.0000,0.0000,0.0000,0.0000,1.0000,0.0000,0.0000,0.0000,1.0000,0.0000,0.0000,0.0000,1.0000,0.0000,0.0000,0.0000,1.0000,0.0000,0.0000,0.0000,1.0000,0.0000,0.0000,0.0000,1.0000,0.0000,0.0000,0.0000,1.0000,0.0000,0.0000,0.0000,1.0000,0.0000,0.0000,0.0000,1.0000,0.0000,0.0000,0.0000,1.0000,0.0000,0.0000,0.0000,1.0000,0.0000,0.0000,0.0000]
,"matricesIndices":[2,2,2,2,2,2,2,2,2,2,2,2,2,2,2,2,2,2,2,513,513,2,2,2,2,2,2,2,2,2,513,513,131328,2,513,513,2,2,513,2,2,513,513,256,256,513,513,513,513,513,131328,513,513,513,513,513,513,513,513,513,513,131328,513,513,513,513,256,256,256,131328,256,256,513,256,256,513,256,256,256,256,256,256,256,256,256,256,256,256,256,256,256,0,0,256,256,256,256,256,256,256,256,256,0,0,0,256,0,0,256,0,0,256,0,0,0,0,0,0,0,0,0,0,0,0,0,0,2,2,2,2,2,2,2,2,2,2,2,2,2,2,2,2,2,2,2,2,513,2,2,2,2,2,2,2,2,2,513,513,131328,2,2,513,513,2,513,513,2,513,513,513,256,513,513,513,513,513,131328,513,513,513,513,513,513,513,513,513,513,513,513,513,513,513,256,256,256,513,131328,256,513,513,256,131328,513,256,256,256,256,256,256,256,256,256,256,256,256,256,256,256,0,256,256,256,256,256,256,256,256,256,0,0,0,256,256,0,256,256,0,256,256,0,0,0,0,0,0,0,0,0,0,0,0,0]
,"indices":[0,1,2,3,4,5,6,7,8,9,10,11,12,13,14,15,16,17,18,19,20,21,22,23,24,25,26,27,28,29,30,31,32,33,34,35,36,37,38,39,40,41,42,43,44,45,46,47,48,49,50,51,52,53,54,55,56,57,58,59,60,61,62,63,64,65,66,67,68,69,70,71,72,73,74,75,76,77,78,79,80,81,82,83,84,85,86,87,88,89,90,91,92,93,94,95,96,97,98,99,100,101,102,103,104,105,106,107,108,109,110,111,112,113,114,115,116,117,118,119,120,121,122,123,124,125,126,127,128,129,130,131,132,133,134,135,136,137,138,139,140,141,142,143,144,145,146,147,148,149,150,151,152,153,154,155,156,157,158,159,160,161,162,163,164,165,166,167,168,169,170,171,172,173,174,175,176,177,178,179,180,181,182,183,184,185,186,187,188,189,190,191,192,193,194,195,196,197,198,199,200,201,202,203,204,205,206,207,208,209,210,211,212,213,214,215,216,217,218,219,220,221,222,223,224,225,226,227,228,229,230,231,232,233,234,235,236,237,238,239,240,241,242,243,244,245,246,247,248,249,250,251]
,"subMeshes":[{"materialIndex":0,"verticesStart":0,"verticesCount":252,"indexStart":0,"indexCount":252}],"animations":[{"dataType":1,"framePerSecond":30,"loopBehavior":1,"name":"position animation","property":"position","keys":[{"frame":0,"values":[0.3317,0.3557,-0.0964]},{"frame":4.0,"values":[0.3317,0.3557,-0.0964]},{"frame":41,"values":[0.3317,0.3557,-0.0964]}]},{"dataType":1,"framePerSecond":30,"loopBehavior":1,"name":"rotation animation","property":"rotation","keys":[{"frame":0,"values":[-0.0000,-0.0000,-0.0000]},{"frame":4.0,"values":[-0.0000,-0.0000,-0.0000]},{"frame":41,"values":[-0.0000,-0.0000,-0.0000]}]},{"dataType":1,"framePerSecond":30,"loopBehavior":1,"name":"scaling animation","property":"scaling","keys":[{"frame":0,"values":[0.2100,0.3000,0.2200]},{"frame":4.0,"values":[0.2100,0.3000,0.2200]},{"frame":41,"values":[0.2100,0.3000,0.2200]}]},{"dataType":1,"framePerSecond":30,"loopBehavior":1,"name":"scaling animation","property":"scaling","keys":[{"frame":0,"values":[0.2100,0.3000,0.2200]},{"frame":4.0,"values":[0.2100,0.3000,0.2200]},{"frame":41,"values":[0.2100,0.3000,0.2200]}]},{"dataType":1,"framePerSecond":30,"loopBehavior":1,"name":"scaling animation","property":"scaling","keys":[{"frame":0,"values":[0.2100,0.3000,0.2200]},{"frame":4.0,"values":[0.2100,0.3000,0.2200]},{"frame":41,"values":[0.2100,0.3000,0.2200]}]}],"autoAnimate":true,"autoAnimateFrom":0,"autoAnimateTo":41,"autoAnimateLoop":true,"instances":[]}],"multiMaterials":[],"shadowGenerators":[],"skeletons":[{"name":"Armature","id":0,"bones":[{"name":"Bone","index":0,"matrix":[1.0000,0.0000,0.0000,0.0000,0.0000,1.0000,0.0000,0.0000,0.0000,0.0000,-1.0000,0.0000,-0.4456,-0.0129,-0.0904,1.0000],"parentBoneIndex":-1,"animation": {"dataType":3,"framePerSecond":24,"keys":[{"frame":0,"values":[1.0000,0.0000,0.0000,0.0000,0.0000,1.0000,0.0000,0.0000,0.0000,0.0000,-1.0000,0.0000,-0.4456,-0.0129,-0.0904,1.0000]},{"frame":40,"values":[1.0000,0.0000,0.0000,0.0000,0.0000,1.0000,0.0000,0.0000,0.0000,0.0000,-1.0000,0.0000,-0.4456,-0.0129,-0.0904,1.0000]}],"loopBehavior":1,"name":"anim","property":"_matrix"}},{"name":"Bone.001","index":1,"matrix":[0.0000,0.0000,1.0000,0.0000,1.0000,0.0000,0.0000,0.0000,0.0000,1.0000,-0.0000,0.0000,0.0000,1.0000,-0.0000,1.0000],"parentBoneIndex":0,"animation": {"dataType":3,"framePerSecond":24,"keys":[{"frame":0,"values":[0.0000,0.0000,1.0000,0.0000,1.0000,0.0000,0.0000,0.0000,0.0000,1.0000,-0.0000,0.0000,0.0000,1.0000,-0.0000,1.0000]},{"frame":40,"values":[0.0000,0.0000,1.0000,0.0000,1.0000,0.0000,0.0000,0.0000,0.0000,1.0000,-0.0000,0.0000,0.0000,1.0000,-0.0000,1.0000]}],"loopBehavior":1,"name":"anim","property":"_matrix"}},{"name":"Bone.002","index":2,"matrix":[0.0254,0.9996,-0.0118,0.0000,0.9068,-0.0280,-0.4206,0.0000,-0.4208,-0.0000,-0.9072,0.0000,-0.0000,0.8366,-0.0000,1.0000],"parentBoneIndex":1,"animation": {"dataType":3,"framePerSecond":24,"keys":[{"frame":0,"values":[0.0254,0.9996,-0.0118,0.0000,0.9068,-0.0280,-0.4206,0.0000,-0.4208,-0.0000,-0.9072,0.0000,-0.0000,0.8366,-0.0000,1.0000]},{"frame":2,"values":[0.0252,0.9996,-0.0121,0.0000,0.9014,-0.0280,-0.4321,0.0000,-0.4322,-0.0000,-0.9018,0.0000,-0.0000,0.8366,-0.0000,1.0000]},{"frame":3,"values":[0.0248,0.9996,-0.0131,0.0000,0.8839,-0.0280,-0.4669,0.0000,-0.4671,-0.0000,-0.8842,0.0000,-0.0000,0.8366,-0.0000,1.0000]},{"frame":4,"values":[0.0238,0.9996,-0.0147,0.0000,0.8504,-0.0280,-0.5253,0.0000,-0.5255,-0.0000,-0.8508,0.0000,-0.0000,0.8366,-0.0000,1.0000]},{"frame":5,"values":[0.0223,0.9996,-0.0170,0.0000,0.7949,-0.0280,-0.6061,0.0000,-0.6063,-0.0000,-0.7952,0.0000,-0.0000,0.8366,-0.0000,1.0000]},{"frame":6,"values":[0.0198,0.9996,-0.0197,0.0000,0.7088,-0.0280,-0.7049,0.0000,-0.7051,-0.0000,-0.7091,0.0000,-0.0000,0.8366,-0.0000,1.0000]},{"frame":7,"values":[0.0163,0.9996,-0.0227,0.0000,0.5830,-0.0280,-0.8120,0.0000,-0.8123,-0.0000,-0.5832,0.0000,-0.0000,0.8366,-0.0000,1.0000]},{"frame":8,"values":[0.0115,0.9996,-0.0255,0.0000,0.4118,-0.0280,-0.9108,0.0000,-0.9112,-0.0000,-0.4120,0.0000,-0.0000,0.8366,-0.0000,1.0000]},{"frame":9,"values":[0.0056,0.9996,-0.0274,0.0000,0.1988,-0.0280,-0.9796,0.0000,-0.9800,-0.0000,-0.1989,0.0000,-0.0000,0.8366,-0.0000,1.0000]},{"frame":10,"values":[-0.0011,0.9996,-0.0280,0.0000,-0.0389,-0.0280,-0.9988,0.0000,-0.9992,-0.0000,0.0389,0.0000,-0.0000,0.8366,-0.0000,1.0000]},{"frame":11,"values":[-0.0077,0.9996,-0.0269,0.0000,-0.2742,-0.0280,-0.9613,0.0000,-0.9616,-0.0000,0.2743,0.0000,-0.0000,0.8366,-0.0000,1.0000]},{"frame":12,"values":[-0.0135,0.9996,-0.0245,0.0000,-0.4806,-0.0280,-0.8765,0.0000,-0.8769,-0.0000,0.4808,0.0000,-0.0000,0.8366,-0.0000,1.0000]},{"frame":13,"values":[-0.0180,0.9996,-0.0214,0.0000,-0.6430,-0.0280,-0.7654,0.0000,-0.7657,-0.0000,0.6432,0.0000,-0.0000,0.8366,-0.0000,1.0000]},{"frame":14,"values":[-0.0213,0.9996,-0.0182,0.0000,-0.7598,-0.0280,-0.6496,0.0000,-0.6498,-0.0000,0.7601,0.0000,-0.0000,0.8366,-0.0000,1.0000]},{"frame":15,"values":[-0.0235,0.9996,-0.0153,0.0000,-0.8380,-0.0280,-0.5449,0.0000,-0.5451,-0.0000,0.8384,0.0000,-0.0000,0.8366,-0.0000,1.0000]},{"frame":16,"values":[-0.0249,0.9996,-0.0129,0.0000,-0.8874,-0.0280,-0.4601,0.0000,-0.4603,-0.0000,0.8877,0.0000,-0.0000,0.8366,-0.0000,1.0000]},{"frame":17,"values":[-0.0257,0.9996,-0.0112,0.0000,-0.9166,-0.0280,-0.3989,0.0000,-0.3990,-0.0000,0.9169,0.0000,-0.0000,0.8366,-0.0000,1.0000]},{"frame":18,"values":[-0.0261,0.9996,-0.0101,0.0000,-0.9319,-0.0280,-0.3617,0.0000,-0.3619,-0.0000,0.9322,0.0000,-0.0000,0.8366,-0.0000,1.0000]},{"frame":19,"values":[-0.0262,0.9996,-0.0098,0.0000,-0.9369,-0.0280,-0.3484,0.0000,-0.3485,-0.0000,0.9373,0.0000,-0.0000,0.8366,-0.0000,1.0000]},{"frame":20,"values":[-0.0262,0.9996,-0.0100,0.0000,-0.9342,-0.0280,-0.3558,0.0000,-0.3559,-0.0000,0.9345,0.0000,-0.0000,0.8366,-0.0000,1.0000]},{"frame":21,"values":[-0.0259,0.9996,-0.0107,0.0000,-0.9238,-0.0280,-0.3818,0.0000,-0.3820,-0.0000,0.9242,0.0000,-0.0000,0.8366,-0.0000,1.0000]},{"frame":22,"values":[-0.0253,0.9996,-0.0120,0.0000,-0.9037,-0.0280,-0.4272,0.0000,-0.4274,-0.0000,0.9041,0.0000,-0.0000,0.8366,-0.0000,1.0000]},{"frame":23,"values":[-0.0244,0.9996,-0.0138,0.0000,-0.8700,-0.0280,-0.4923,0.0000,-0.4924,-0.0000,0.8703,0.0000,-0.0000,0.8366,-0.0000,1.0000]},{"frame":24,"values":[-0.0229,0.9996,-0.0161,0.0000,-0.8170,-0.0280,-0.5760,0.0000,-0.5762,-0.0000,0.8173,0.0000,-0.0000,0.8366,-0.0000,1.0000]},{"frame":25,"values":[-0.0206,0.9996,-0.0189,0.0000,-0.7372,-0.0280,-0.6751,0.0000,-0.6754,-0.0000,0.7375,0.0000,-0.0000,0.8366,-0.0000,1.0000]},{"frame":26,"values":[-0.0174,0.9996,-0.0219,0.0000,-0.6226,-0.0280,-0.7820,0.0000,-0.7823,-0.0000,0.6229,0.0000,-0.0000,0.8366,-0.0000,1.0000]},{"frame":27,"values":[-0.0131,0.9996,-0.0247,0.0000,-0.4672,-0.0280,-0.8837,0.0000,-0.8840,-0.0000,0.4674,0.0000,-0.0000,0.8366,-0.0000,1.0000]},{"frame":28,"values":[-0.0076,0.9996,-0.0269,0.0000,-0.2714,-0.0280,-0.9620,0.0000,-0.9624,-0.0000,0.2716,0.0000,-0.0000,0.8366,-0.0000,1.0000]},{"frame":29,"values":[-0.0013,0.9996,-0.0280,0.0000,-0.0462,-0.0280,-0.9985,0.0000,-0.9989,-0.0000,0.0462,0.0000,-0.0000,0.8366,-0.0000,1.0000]},{"frame":30,"values":[0.0053,0.9996,-0.0275,0.0000,0.1875,-0.0280,-0.9819,0.0000,-0.9822,-0.0000,-0.1876,0.0000,-0.0000,0.8366,-0.0000,1.0000]},{"frame":31,"values":[0.0113,0.9996,-0.0256,0.0000,0.4048,-0.0280,-0.9140,0.0000,-0.9143,-0.0000,-0.4049,0.0000,-0.0000,0.8366,-0.0000,1.0000]},{"frame":32,"values":[0.0164,0.9996,-0.0227,0.0000,0.5867,-0.0280,-0.8093,0.0000,-0.8096,-0.0000,-0.5869,0.0000,-0.0000,0.8366,-0.0000,1.0000]},{"frame":33,"values":[0.0203,0.9996,-0.0193,0.0000,0.7255,-0.0280,-0.6877,0.0000,-0.6880,-0.0000,-0.7258,0.0000,-0.0000,0.8366,-0.0000,1.0000]},{"frame":34,"values":[0.0231,0.9996,-0.0159,0.0000,0.8235,-0.0280,-0.5666,0.0000,-0.5669,-0.0000,-0.8238,0.0000,-0.0000,0.8366,-0.0000,1.0000]},{"frame":35,"values":[0.0249,0.9996,-0.0128,0.0000,0.8885,-0.0280,-0.4580,0.0000,-0.4582,-0.0000,-0.8888,0.0000,-0.0000,0.8366,-0.0000,1.0000]},{"frame":36,"values":[0.0260,0.9996,-0.0103,0.0000,0.9294,-0.0280,-0.3680,0.0000,-0.3682,-0.0000,-0.9298,0.0000,-0.0000,0.8366,-0.0000,1.0000]},{"frame":37,"values":[0.0267,0.9996,-0.0084,0.0000,0.9539,-0.0280,-0.2987,0.0000,-0.2989,-0.0000,-0.9543,0.0000,-0.0000,0.8366,-0.0000,1.0000]},{"frame":38,"values":[0.0271,0.9996,-0.0070,0.0000,0.9678,-0.0280,-0.2503,0.0000,-0.2504,-0.0000,-0.9681,0.0000,-0.0000,0.8366,-0.0000,1.0000]},{"frame":39,"values":[0.0273,0.9996,-0.0062,0.0000,0.9747,-0.0280,-0.2219,0.0000,-0.2219,-0.0000,-0.9751,0.0000,-0.0000,0.8366,-0.0000,1.0000]},{"frame":40,"values":[0.0274,0.9996,-0.0060,0.0000,0.9768,-0.0280,-0.2125,0.0000,-0.2126,-0.0000,-0.9771,0.0000,-0.0000,0.8366,-0.0000,1.0000]}],"loopBehavior":1,"name":"anim","property":"_matrix"}}]}]}